   80.5035553    
   75.2474289    
   71.8916321    
   69.3157196    
   67.0422211    
   65.5172958    
   67.9080658    
   71.2559357    
   73.0468216    
   76.5799484    
   75.8011322    
   71.7361526    
   67.3603516    
   67.1898346    
   68.4515686    
   70.7459259    
   75.8434219    
   75.3892059    
   72.8186798    
   76.8906631    
   81.4751663    
   94.8041153    
   91.3796768    
   83.9493561    
   79.0111008    
   84.8901138    
   83.3119659    
   81.2062531    
   90.9487152    
   94.3544235    
   95.4266510    
   102.123566    
   105.463554    
   106.210159    
   103.487022    
   95.4742508    
   87.5974731    
   85.3105774    
   82.0049973    
   78.9487610    
   79.1812439    
   76.1004944    
   78.2535706    
   77.3548737    
   80.2543335    
   71.2125854    
   71.1898422    
   71.4571686    
   71.3438416    
   72.9155502    
   76.1353226    
   78.4437866    
   79.7828064    
   82.2890549    
   76.1804199    
   79.5692444    
   85.2744827    
   81.9627838    
   81.9889679    
   78.1884995    
   74.1577377    
   74.1516571    
   83.9363403    
   82.6984329    
   83.5963593    
   81.8518524    
   79.9427032    
   81.8238602    
   80.8001938    
   78.6960220    
   76.6125031    
   74.8703232    
   73.7722855    
   73.7782898    
   74.5853882    
   74.8492432    
   75.3347626    
   76.8345413    
   73.6396179    
   70.4575424    
   72.6434402    
   66.4590302    
   65.9765091    
   63.5362244    
   59.8166313    
   60.3350410    
   70.7475815    
   70.8256302    
   71.1774521    
   72.8909378    
   70.9375687    
   69.4013214    
   69.2496872    
   68.1541138    
   69.1159363    
   70.1419830    
   70.9300995    
   68.8996964    
   70.3489685    
   72.5730743    
   70.0511475    
   70.5961151    
   63.1732521    
   60.7378120    
   62.7791138    
   62.4577179    
   61.1661797    
   58.5643616    
   52.9876137    
   47.8647270    
   56.4396095    
   56.8186798    
   51.9978027    
   49.8039093    
   47.6993675    
   42.0754433    
   42.1410751    
   39.1870995    
   36.2401543    
   34.6052284    
   35.0335121    
   34.6352196    
   36.9767113    
   38.2972031    
   40.3750076    
   42.2573280    
   35.2161865    
   34.9863548    
   36.7166481    
   37.4680138    
   39.3572197    
   38.7987556    
   32.9357452    
   29.4485226    
   38.0396156    
   38.2644501    
   40.7444916    
   42.0304565    
   33.2534714    
   30.1682758    
   31.9898491    
   41.9737206    
   45.3440132    
   44.3042946    
   43.8782234    
   47.6649132    
   48.7086067    
   48.5475655    
   55.7794533    
   58.1798515    
   51.2948570    
   62.5353546    
   72.3741837    
   78.9680862    
   79.5899277    
   75.3280029    
   66.7407837    
   67.0368881    
   75.2874908    
   73.3324203    
   71.7584152    
   69.6617966    
   67.8479919    
   64.7005844    
   62.5537567    
   66.3304443    
   66.4013596    
   66.8234253    
   66.3059311    
   68.3080750    
   68.4345322    
   66.7239914    
   69.1867523    
   70.0200119    
   72.7625809    
   67.6262665    
   70.3124237    
   67.0508270    
   68.4181671    
   66.9634476    
   63.2717934    
   63.6772308    
   63.9812622    
   63.0620384    
   63.9573174    
   63.2053642    
   62.3510208    
   62.4809761    
   64.0650406    
   66.7833710    
   66.8531036    
   64.5670700    
   63.7879524    
   64.3245087    
   65.6805344    
   66.9018250    
   67.0979691    
   68.2233429    
   70.7909851    
   70.1940002    
   73.5670700    
   71.6230087    
   71.5280609    
   71.9481506    
   68.9824982    
   68.7687149    
   71.0261230    
   72.2854080    
   73.7281799    
   72.5161667    
   71.6870193    
   72.7370758    
   72.4530258    
   70.0719757    
   68.8404160    
   69.5726624    
   70.1349487    
   69.6657715    
   70.8277512    
   71.8299942    
   71.0799866    
   71.0195465    
   62.8494263    
   62.6785202    
   66.4653244    
   71.3775024    
   70.7243042    
   68.7983932    
   64.0380402    
   63.8405457    
   74.0363159    
   73.2074432    
   76.9435730    
   78.1580048    
   77.7803726    
   77.4791870    
   74.9168167    
   74.5704117    
   70.4072342    
   68.0692825    
   67.2940750    
   75.6238861    
   78.0000610    
   80.8095398    
   91.8980637    
   93.9428482    
   86.2286530    
   95.7460098    
   105.929741    
   108.268730    
   107.373573    
   101.246582    
   94.4285431    
   94.0431061    
   101.547295    
   98.6308136    
   98.7174377    
   97.9532166    
   95.1604996    
   97.1057281    
   97.3562469    
   98.0401688    
   98.1224060    
   97.6024399    
   96.8858948    
   101.202972    
   101.263634    
   100.226372    
   104.689980    
   105.085617    
   96.9694138    
   101.421631    
   109.632965    
   105.801315    
   107.781181    
   104.984116    
   99.9452438    
   107.268517    
   115.844795    
   114.250969    
   121.343338    
   119.861862    
   118.122345    
   123.171692    
   121.466583    
   114.596199    
   114.594940    
   113.688828    
   111.501595    
   116.342529    
   118.300659    
   115.817101    
   121.387756    
   126.153671    
   120.350746    
   105.676262    
   112.427902    
   97.2657623    
   96.1815414    
   100.952545    
   90.2362366    
   65.0504990    
   72.9390869    
   73.8466415    
   52.6740303    
   51.8525352    
   50.5252609    
   30.4424248    
   30.2148418    
   21.1719437    
   18.1010151    
   18.9792385    
   17.0669613    
 -0.696489751    
   4.06777000    
   12.6394415    
  0.166535735    
  -1.40476918    
  -3.73118639    
   5.83936262    
   15.1358376    
   20.5453472    
   22.8182487    
   23.9265347    
   21.3782558    
   19.9218330    
   28.2548141    
   28.0900726    
   34.6701851    
   31.9311066    
   31.6373730    
   38.3289566    
   42.8611298    
   42.7884407    
   41.4994698    
   40.3131943    
   42.8030968    
   44.9671974    
   46.3377800    
   48.1151009    
   47.1826172    
   47.3413887    
   49.6482468    
   46.3447990    
   52.2236633    
   58.3767357    
   59.3879013    
   57.2038460    
   47.5327225    
   41.7825317    
   40.6397324    
   41.5365028    
   43.1651459    
   42.3031502    
   43.7686615    
   46.7486649    
   48.4497299    
   51.3674583    
   51.2142067    
   51.3291664    
   51.8045502    
   53.3918495    
   53.9348259    
   54.6609344    
   56.6769562    
   56.5841560    
   59.1080093    
   61.8068695    
   66.8153076    
   69.1363831    
   67.9685593    
   63.4235153    
   56.3736572    
   60.8438187    
   62.4794464    
   63.3925095    
   67.2259827    
   68.7201996    
   68.6014481    
   68.6259537    
   66.2002945    
   61.6239700    
   58.0066757    
   55.5155563    
   54.2260475    
   52.8611946    
   55.1330338    
   58.4133072    
   57.5980453    
   60.4553413    
   53.6866722    
   51.2548866    
   54.6862373    
   56.6396866    
   58.5363731    
   52.8943939    
   48.0724602    
   42.3013878    
   51.7850571    
   51.6998062    
   48.3574295    
   47.5273170    
   47.5163803    
   46.8864632    
   47.3336372    
   48.7499771    
   48.9590530    
   48.1812973    
   48.0190277    
   50.3008614    
   51.7943993    
   52.4582825    
   60.1549110    
   63.4466629    
   59.9070549    
   67.6961212    
   71.0085983    
   78.6400604    
   77.4695129    
   74.3446579    
   67.3076553    
   66.1276016    
   73.6374435    
   71.3599396    
   74.1668472    
   71.9720840    
   69.6028061    
   76.8090210    
   78.3215256    
   79.4040070    
   80.0564499    
   77.2550125    
   75.3257980    
   78.1088104    
   78.0627594    
   79.3809433    
   83.3592529    
   85.2988358    
   81.5018692    
   81.0869446    
   85.1953964    
   78.9106445    
   75.2684631    
   70.3989563    
   63.6422882    
   59.9434204    
   69.2756958    
   69.1200867    
   66.6659546    
   66.5423584    
   67.2689209    
   64.6491776    
   63.4956741    
   56.6640930    
   56.5753746    
   56.3315964    
   55.2391129    
   51.9572601    
   52.4226456    
   53.3820076    
   51.2449265    
   52.2488403    
   46.7540131    
   46.7560387    
   53.4230995    
   52.1421318    
   53.5540123    
   52.9427032    
   49.2820778    
   45.5688400    
   55.0748634    
   55.2839928    
   54.7226181    
   54.8611183    
   55.4984818    
   56.2860298    
   56.6890030    
   57.3838921    
   57.0499573    
   55.6278076    
   54.9642487    
   56.6685867    
   58.2386475    
   59.4421082    
   62.9317131    
   63.1121941    
   56.8873749    
   62.8436546    
   69.1525116    
   68.4979935    
   68.8137894    
   68.2926483    
   65.0227356    
   67.2401276    
   75.5211487    
   71.1861877    
   68.8874588    
   68.3429260    
   64.8120880    
   65.8056412    
   67.4036484    
   67.8094940    
   67.5603867    
   66.7699280    
   65.5860138    
   64.8201828    
   64.8978882    
   64.7662048    
   63.1240654    
   61.1309700    
   62.5719032    
   60.1088791    
   65.2832031    
   65.1861343    
   65.7137604    
   63.8161774    
   59.5327263    
   58.1151047    
   57.5357094    
   56.7571373    
   57.9654388    
   57.7061119    
   56.2852287    
   57.0657730    
   56.7507286    
   58.4804230    
   58.6348152    
   58.7528648    
   58.7777863    
   60.3641930    
   60.1810875    
   59.8515549    
   60.3487549    
   60.8007126    
   63.5924797    
   67.0571976    
   71.7271729    
   68.6808319    
   68.0281677    
   64.2600403    
   57.0112953    
   55.2373886    
   53.1090660    
   52.5494537    
   54.8139114    
   54.8279877    
   55.6728058    
   60.0102692    
   59.5564957    
   63.8055763    
   63.8136978    
   64.2836304    
   64.6759796    
   64.8609161    
   68.5447769    
   64.4297638    
   66.1760712    
   62.2052422    
   58.7267838    
   65.1312714    
   72.3939896    
   77.8930588    
   78.8349457    
   73.4255142    
   65.2909698    
   62.6070137    
   70.6165771    
   69.9660873    
   80.6676254    
   78.5222473    
   80.2528992    
   85.3927536    
   80.8451462    
   80.1409302    
   80.5174332    
   80.9635391    
   80.9811935    
   83.0351868    
   81.9508133    
   81.3057404    
   84.4599533    
   85.6164780    
   83.1194229    
   83.7969360    
   92.4674149    
   86.8903809    
   87.1374359    
   84.5474243    
   78.2614975    
   76.8968506    
   87.5804367    
   89.5566483    
   89.2916794    
   87.6182251    
   86.2648315    
   85.5910797    
   84.5997543    
   78.0766983    
   76.4141541    
   74.1417313    
   73.6030273    
   72.0880890    
   71.8972778    
   70.7929001    
   66.8545074    
   65.3781281    
   56.7206306    
   53.8423424    
   56.6639786    
   58.4106064    
   55.9542465    
   52.8986473    
   49.7277145    
   48.8923836    
   57.8676186    
   58.4652443    
   60.5668526    
   60.7433891    
   61.5422173    
   65.7092438    
   66.7698517    
   61.6789780    
   64.9573517    
   65.7627563    
   65.0695114    
   63.8453865    
   64.6448746    
   66.8261566    
   70.3252258    
   71.5168304    
   66.3966751    
   66.0450821    
   71.2008438    
   71.1469879    
   71.4928360    
   70.5159073    
   65.0205688    
   64.3757706    
   73.6086349    
   75.8773499    
   81.3972015    
   81.1287384    
   79.4465179    
   82.5041199    
   80.1976852    
   76.1183014    
   76.1063004    
   77.2638702    
   78.3580780    
   78.5810547    
   78.6493301    
   78.7092361    
   76.9162369    
   75.4994049    
   69.7891235    
   64.0210190    
   70.1738739    
   68.6379242    
   68.8069229    
   67.7718506    
   64.3032837    
   60.4086113    
   68.0135345    
   67.6928406    
   66.4301910    
   66.3147202    
   64.6440964    
   63.7452316    
   63.5004234    
   63.8509483    
   63.1637497    
   62.7205391    
   61.5827789    
   61.0052032    
   60.3103409    
   59.3337440    
   58.0959435    
   59.0648613    
   62.0338821    
   62.4781990    
   66.0693436    
   69.9952469    
   76.9001999    
   74.9935303    
   62.9042664    
   57.3975220    
   56.3531303    
   56.3718491    
   57.7228394    
   57.4575653    
   59.3513527    
   58.5545502    
   58.7150993    
   57.0596008    
   57.0113449    
   57.9121323    
   58.1646576    
   58.1555672    
   58.3722458    
   58.6039886    
   57.9137993    
   58.3990860    
   64.1295624    
   66.7176208    
   74.2189026    
   74.1403198    
   72.8536301    
   71.5009308    
   66.7158966    
   61.8793068    
   60.0610962    
   59.2648964    
   60.6983643    
   60.5082397    
   60.8394356    
   59.7121925    
   60.6199532    
   60.2220535    
   59.8996849    
   58.7936134    
   58.1682205    
   55.8888016    
   54.8072357    
   54.3139038    
   51.8424988    
   51.5661888    
   46.2889824    
   42.9150238    
   46.2341270    
   49.3416405    
   49.5894012    
   48.9166832    
   45.0193405    
   41.4425507    
   48.0082664    
   47.4430161    
   47.3675842    
   47.1560211    
   46.8333359    
   47.0078964    
   46.4790649    
   46.3612251    
   47.6501274    
   48.1455498    
   48.8902931    
   49.9223061    
   50.9220772    
   52.0384521    
   52.8105659    
   53.6933327    
   49.5240097    
   51.7521210    
   58.6553574    
   59.1740417    
   59.7734642    
   56.2164803    
   50.6695442    
   47.8788414    
   55.5401993    
   55.7648888    
   58.9209595    
   59.3957901    
   59.0609779    
   60.9928551    
   61.1098213    
   65.3564072    
   65.2304306    
   64.2442551    
   62.5596695    
   64.6987228    
   65.0914230    
   65.2626648    
   67.8289566    
   69.2704086    
   64.1153259    
   62.4887619    
   67.6996460    
   72.0259933    
   75.5723495    
   69.1795349    
   59.3482590    
   55.3800087    
   63.2685699    
   62.6767387    
   65.0048904    
   67.6579666    
   67.2689972    
   70.6144638    
   68.2716751    
   72.1320419    
   72.2453156    
   73.0026169    
   72.9261475    
   76.3159866    
   75.0597610    
   74.7054901    
   74.2770691    
   75.9635696    
   73.1279221    
   68.2282639    
   74.7792282    
   74.3339539    
   73.3681488    
   66.0315399    
   57.8474197    
   57.0615425    
   64.4702454    
   64.8679733    
   67.1862411    
   68.1633224    
   68.2110672    
   70.6245880    
   68.0414124    
   70.4704666    
   69.6549530    
   69.2842941    
   71.2598648    
   74.6596069    
   74.8040695    
   74.4034424    
   75.4462280    
   77.1170807    
   72.9052658    
   69.9404907    
   76.1215897    
   73.8967590    
   75.3733215    
   73.0112534    
   66.3154526    
   62.7523384    
   68.2347183    
   67.3766708    
   71.8578415    
   73.3932800    
   73.6193390    
   80.9833679    
   86.2374878    
   83.4463959    
   80.3493271    
   79.6668549    
   78.2825699    
   78.6838455    
   74.5910339    
   69.6122665    
   66.8913498    
   65.9252396    
   72.5995636    
   72.6394577    
   78.2951508    
   79.9244614    
   82.6168594    
   84.9063263    
   82.8133926    
   86.5000992    
   77.9842224    
   76.4348297    
   83.9156189    
   85.9145279    
   84.6866913    
   87.9284668    
   88.4573059    
   90.1860428    
   91.3610687    
   91.0854111    
   90.8653412    
   87.7996902    
   88.0104523    
   88.3825760    
   83.5973740    
   83.2968063    
   90.5261154    
   83.1218338    
   83.9103394    
   79.4487915    
   80.9433899    
   78.0728683    
   71.7283096    
   65.3115540    
   61.9443359    
   61.0037880    
   59.2990799    
   57.1554718    
   55.7175331    
   51.6165047    
   50.1949654    
   52.6432037    
   53.0919495    
   51.9789467    
   51.8219147    
   47.6175461    
   46.0619507    
   45.3911285    
   40.8795586    
   41.5757561    
   36.7229576    
   32.9612541    
   39.0998688    
   37.4840736    
   39.4039078    
   42.7068329    
   40.3816109    
   33.0412827    
   38.7388611    
   40.3053589    
   41.0415993    
   42.7004051    
   44.1615524    
   43.1924248    
   42.4545860    
   40.6603394    
   40.5191803    
   40.2845039    
   39.8677139    
   38.8853340    
   38.9783287    
   39.4248085    
   40.0991974    
   41.5034180    
   37.0657082    
   39.1666985    
   45.9386520    
   51.9406853    
   51.6870880    
   51.5975266    
   43.7685814    
   40.5273056    
   45.9783592    
   45.3749199    
   47.2404709    
   46.2823410    
   47.3528175    
   50.5603600    
   51.6256638    
   49.8375053    
   50.4129066    
   50.1354828    
   50.0340462    
   51.8754807    
   52.0613365    
   52.3863373    
   53.4947205    
   54.8864403    
   52.4239845    
   53.1503143    
   60.0682182    
   67.6497345    
   68.8050766    
   63.5119247    
   54.2419128    
   49.4279861    
   53.5423050    
   53.2940598    
   53.5796509    
   53.0079308    
   51.5280724    
   50.9402542    
   49.5246925    
   48.7837296    
   48.3368759    
   48.2271347    
   48.1879539    
   48.1834869    
   48.7464676    
   49.3957062    
   48.6612206    
   51.1790543    
   50.1154404    
   50.1411629    
   55.1583176    
   49.9904175    
   55.5025139    
   51.2335472    
   42.1497154    
   37.0096245    
   40.0638199    
   38.4969063    
   39.1891289    
   39.9110756    
   39.1016884    
   38.9936180    
   38.5219154    
   41.2623253    
   40.9263725    
   40.7008362    
   41.2192345    
   43.5595016    
   44.3346405    
   44.3110847    
   45.1324921    
   46.7318497    
   47.0257912    
   50.5671844    
   54.6936302    
   57.5687981    
   57.7883759    
   55.9118347    
   49.7908249    
   44.9930191    
   48.7529907    
   46.7543449    
   46.0396500    
   44.6938820    
   40.6480904    
   39.8453827    
   40.5937080    
   42.1056442    
   42.1931953    
   42.2456055    
   42.4366074    
   44.8742905    
   45.2063637    
   45.0253601    
   45.9049873    
   47.4366074    
   55.8836784    
   66.0215683    
   78.7697754    
   87.0247955    
   90.3120956    
   85.1470795    
   72.6512299    
   69.2003174    
   59.9879494    
   57.8456039    
   67.0770798    
   66.3065872    
   63.8122940    
   60.0498962    
   59.8146744    
   54.6364098    
   55.9830132    
   56.6395149    
   56.4640083    
   46.5363197    
   43.7518425    
   43.4090195    
   37.8251953    
   40.5292053    
   51.5262222    
   53.6738815    
   62.2594604    
   65.7130280    
   66.8549118    
   64.2201385    
   57.3671951    
   56.0034027    
   51.1960182    
   48.8457146    
   50.6498222    
   50.0816345    
   49.1664009    
   52.7458611    
   52.0068817    
   52.5582924    
   52.2321434    
   51.1372108    
   51.0772247    
   55.6203270    
   56.3104248    
   56.3155518    
   57.0396080    
   59.6628418    
   61.9010201    
   61.4470558    
   72.6426239    
   67.3178940    
   70.3108444    
   67.2514343    
   55.6818733    
   46.8340225    
   44.6216850    
   40.6822128    
   43.7659874    
   44.0582237    
   44.6143494    
   48.5896301    
   48.3833046    
   50.4842949    
   49.7325821    
   48.9449081    
   48.0363884    
   52.1077309    
   52.8812485    
   51.7155952    
   52.0370941    
   55.8819771    
   60.0727997    
   55.7939186    
   67.7873154    
   61.0754280    
   62.5776939    
   57.8779411    
   46.9393692    
   43.8943825    
   42.8658714    
   39.9589767    
   48.7684555    
   49.9057198    
   48.5340729    
   53.1304054    
   53.2295494    
   54.7596703    
   54.2714233    
   53.5486107    
   53.1055641    
   57.0632324    
   58.1706505    
   57.7171059    
   57.0512543    
   60.7428665    
   63.0542450    
   56.6989365    
   66.8820877    
   68.4072876    
   69.7481842    
   65.5599976    
   53.8424072    
   45.6247215    
   47.4286842    
   45.4548492    
   48.3808784    
   48.3612938    
   48.8790016    
   52.0017662    
   52.9324112    
   47.1399918    
   46.5698204    
   46.4630699    
   46.6219597    
   44.2578888    
   43.3002396    
   42.8723488    
   38.2231026    
   40.7335701    
   40.3711472    
   38.2861710    
   39.2059975    
   33.4583054    
   30.8678551    
   32.8738632    
   27.5493603    
   23.6463528    
   30.4531689    
   30.0432110    
   28.6857204    
   28.5382977    
   29.8551846    
   33.1143494    
   30.8646412    
   33.0847282    
   35.2634964    
   32.7733612    
   31.2583714    
   33.8533974    
   35.2056541    
   34.6470337    
   34.7796974    
   35.4321861    
   29.4811554    
   31.9439964    
   40.6416168    
   43.7324028    
   52.9056473    
   54.2646065    
   50.5819130    
   44.0059891    
   45.0520592    
   41.4166451    
   42.1207542    
   40.3386688    
   36.6266670    
   38.7416267    
   37.9018135    
   41.1909256    
   42.2556076    
   44.0592346    
   43.9759254    
   45.1857986    
   46.0397148    
   45.6918869    
   42.3074570    
   45.8063545    
   54.7502251    
   48.3958130    
   53.5005455    
   60.4162865    
   61.5706367    
   59.5603485    
   54.3125648    
   48.6497841    
   43.0829926    
   36.0685997    
   28.3572369    
   26.0960732    
   25.5213947    
   24.0252247    
   23.7562180    
   24.0931225    
   25.8651237    
   29.6588287    
   31.6628628    
   33.0267220    
   33.5271378    
   34.6614876    
   37.6894264    
   42.7570305    
   47.2779121    
   50.0230598    
   61.5915451    
   71.9226761    
   76.5618896    
   74.7731781    
   64.2136612    
   56.6823845    
   46.3634644    
   43.4117470    
   45.8582420    
   45.9237976    
   45.6361542    
   43.0791969    
   42.0904503    
   42.6832771    
   42.9834862    
   42.9988861    
   43.4982796    
   44.9693031    
   45.8241730    
   45.9703941    
   45.0608521    
   50.1207657    
   55.9891129    
   57.8491249    
   65.5073318    
   64.6202240    
   57.4408112    
   55.3915558    
   46.6011734    
   43.1317291    
   45.6444550    
   45.2380486    
   49.8993301    
   51.0106354    
   49.2119408    
   45.5484009    
   45.0648842    
   43.5425262    
   43.2008743    
   42.0075111    
   42.6029472    
   41.1056366    
   39.4072227    
   35.7471085    
   37.7114220    
   41.8290787    
   35.8027306    
   35.1959534    
   52.4111252    
   53.3506584    
   57.1945496    
   55.1686935    
   44.6276588    
   38.7049522    
   34.4031372    
   30.0957623    
   38.2584152    
   37.2029419    
   34.2292862    
   35.4855843    
   36.5698242    
   40.6045418    
   41.0834236    
   41.8394890    
   41.9261780    
   43.3999557    
   42.9529572    
   42.9689827    
   44.1333809    
   49.8860207    
   49.3851967    
   53.8531227    
   57.9567490    
   64.5843353    
   69.3184357    
   69.1726761    
   61.1190681    
   53.5247498    
   52.2885132    
   49.0019836    
   50.9541969    
   50.4663582    
   48.0805283    
   48.1982307    
   47.4365082    
   51.2394485    
   51.1956444    
   50.0316849    
   49.1217003    
   50.2235336    
   49.8941231    
   50.0077362    
   49.7112160    
   54.8636818    
   58.0039368    
   61.0591164    
   66.8510895    
   74.2955780    
   67.1216583    
   62.4991646    
   54.4906807    
   49.6159515    
   54.0151443    
   53.0899391    
   65.1137619    
   67.2716141    
   64.2147980    
   64.2130737    
   62.6786461    
   70.4575119    
   69.6028900    
   69.2400818    
   69.0566940    
   71.6987534    
   70.9393997    
   70.3506851    
   59.7604141    
   62.3049355    
   63.3800354    
   47.8494759    
   59.9657402    
   56.3727913    
   57.7124977    
   55.4443779    
   50.5077591    
   45.9848595    
   43.1156731    
   37.2318611    
   47.5172806    
   47.9795723    
   49.3601646    
   56.3982620    
   58.1355095    
   55.8152618    
   56.5390701    
   56.5252647    
   55.4311790    
   52.3112030    
   50.7391853    
   48.8526077    
   45.1002159    
   53.1445160    
   66.5025253    
   70.0767136    
   85.3084641    
   85.5385971    
   84.8853226    
   75.5058060    
   62.5653343    
   49.6182289    
   39.8005486    
   36.5733109    
   41.1056747    
   42.1937675    
   40.6883163    
   41.2016830    
   41.5942497    
   41.8835487    
   43.1235733    
   43.9238358    
   43.9846840    
   47.0807228    
   49.3379440    
   53.1797218    
   60.0736046    
   70.3988342    
   87.8449402    
   94.9085083    
   116.492683    
   117.455818    
   116.115044    
   110.386620    
   93.8163986    
   84.6969147    
   69.1928177    
   61.5485764    
   70.6659088    
   70.8336716    
   62.9411774    
   72.0948181    
   72.0017853    
   84.9553452    
   82.9336472    
   80.2251511    
   77.4018784    
   80.5858917    
   82.9075623    
   81.9608307    
   74.4747696    
   82.7484665    
   93.3275299    
   86.0385513    
   103.365562    
   103.785866    
   104.097351    
   93.1607819    
   75.8860092    
   60.3338203    
   54.3867035    
   46.7123146    
   60.0176659    
   60.1587715    
   61.5883598    
   86.9954224    
   95.2255249    
   96.2672806    
   93.4634399    
   94.9987564    
   96.4451599    
   106.858856    
   104.024651    
   99.3979187    
   84.0881500    
   83.9635544    
   84.1823349    
   70.0179825    
   71.7770920    
   64.9594498    
   65.5033646    
   61.3540497    
   51.4653854    
   37.4372559    
   30.5948524    
   36.3652840    
   65.2306290    
   73.2024918    
   72.3337784    
   84.1444626    
   85.6321487    
   95.3263931    
   90.6271820    
   88.2100220    
   87.3402634    
   92.3972778    
   90.8130035    
   88.0949173    
   72.4246521    
   73.2929459    
   75.5726700    
   59.1244392    
   61.8073463    
   60.1632271    
   60.1077652    
   55.6072731    
   43.9446182    
   45.1240730    
   46.3731232    
   40.0621490    
   54.7051353    
   54.6011810    
   55.4684563    
   62.1820717    
   60.6608162    
   64.4873047    
   67.1722870    
   69.0499802    
   70.1832886    
   75.7922821    
   76.9563904    
   77.3288498    
   67.5348511    
   74.9440689    
   76.7890701    
   64.6322632    
   75.1346664    
   72.2673721    
   73.2042236    
   68.2428360    
   55.2718735    
   55.2696991    
   56.5978355    
   47.0965080    
   64.0550232    
   67.4809418    
   69.8430710    
   80.6597595    
   86.1438293    
   78.8510666    
   73.0052872    
   72.4971466    
   71.7126389    
   70.0174789    
   69.2456512    
   69.3041458    
   71.3938293    
   87.6822205    
   96.6566696    
   97.2875366    
   116.816322    
   114.886070    
   123.810341    
   119.890755    
   106.860382    
   88.7184982    
   78.9908600    
   68.8455887    
   67.3069839    
   62.6549187    
   58.4340973    
   58.7020454    
   56.6428604    
   52.4771614    
   50.0849876    
   49.5228348    
   49.2708549    
   49.8448181    
   51.0999680    
   51.6395607    
   55.4700508    
   65.3285294    
   87.5006104    
   95.6305771    
   116.051018    
   123.055931    
   121.088028    
   114.876999    
   98.4321823    
   88.1097870    
   66.6016159    
   52.1949043    
   58.6255074    
   57.5135231    
   54.7242126    
   65.3916168    
   68.1231232    
   75.6639023    
   75.1774292    
   74.3554688    
   74.9514389    
   84.9507446    
   87.3532791    
   85.6793442    
   78.0088806    
   84.1209564    
   100.527954    
   90.5703201    
   115.315903    
   115.615585    
   110.175148    
   104.303101    
   85.8057327    
   72.1484833    
   53.6682510    
   42.5587769    
   47.2562714    
   46.3961678    
   45.5096931    
   47.1030159    
   47.3298683    
   46.9812889    
   45.3904686    
   44.2124901    
   44.4465866    
   45.5181656    
   45.9371338    
   46.6068382    
   45.7366791    
   54.1854248    
   65.2900848    
   63.5755005    
   85.6105957    
   78.2325134    
   71.2142258    
   68.6236496    
   61.6730499    
   55.6820297    
   62.5461655    
   54.9447060    
   57.2878571    
   54.2625809    
   52.2210388    
   57.2327309    
   58.8440208    
   63.4122124    
   64.7058182    
   66.2088394    
   67.1560974    
   75.2891464    
   75.4447556    
   74.1289520    
   75.1071701    
   81.0331345    
   86.0009079    
   84.4449539    
   92.9985504    
   97.9837112    
   108.774536    
   101.189369    
   94.0567780    
   87.5757141    
   86.0758438    
   78.5650558    
   84.4530563    
   83.8575287    
   83.1889648    
   93.7650223    
   93.0374832    
   95.9475098    
   94.8777847    
   94.1812744    
   94.3846741    
   102.424522    
   104.914772    
   105.325531    
   105.055962    
   117.464798    
   123.442406    
   117.553795    
   132.714447    
   135.295593    
   135.767456    
   130.230392    
   117.341255    
   104.200912    
   94.9424591    
   83.7941055    
   95.1531677    
   95.4021912    
   93.1135178    
   105.514481    
   104.783417    
   112.943573    
   112.588028    
   110.846703    
   109.403404    
   116.530586    
   116.562897    
   115.017197    
   104.050735    
   116.095360    
   125.379364    
   112.590515    
   125.356918    
   118.905197    
   119.937103    
   114.697472    
   100.903130    
   83.8765182    
   73.7144394    
   62.6763458    
   74.6265488    
   76.7423096    
   74.5020599    
   79.8975601    
   79.2332993    
   89.5549698    
   89.6274414    
   90.1054611    
   89.5720520    
   95.5595016    
   97.8624954    
   99.0985565    
   84.6760178    
   88.8984146    
   89.7843552    
   77.6399841    
   86.4245834    
   84.4609451    
   85.0177155    
   80.2845459    
   69.8611221    
   59.9005699    
   55.5948257    
   44.4829826    
   58.1092911    
   61.5692253    
   64.0011368    
   68.0039291    
   67.8434753    
   73.3550949    
   74.0377197    
   71.4923630    
   70.0624695    
   68.1510620    
   66.2024994    
   64.6243591    
   59.5424843    
   65.2775497    
   80.1595230    
   80.8804703    
   97.2811737    
   91.2935257    
   85.6108093    
   80.9584198    
   73.4086304    
   66.9733505    
   58.0061874    
   51.8788757    
   53.5254250    
   53.5561066    
   53.0080338    
   56.6142426    
   55.3954391    
   60.6351013    
   61.2545929    
   60.2190857    
   58.1656456    
   60.2458191    
   60.2160187    
   60.2965050    
   57.9280014    
   67.2857437    
   85.0757599    
   90.2729950    
   105.387054    
   101.044083    
   97.9769897    
   92.4287033    
   82.1928177    
   69.8609695    
   57.1880646    
   46.7109261    
   46.4183159    
   45.4595146    
   44.3011971    
   43.3914261    
   43.2479401    
   41.3573685    
   41.7382812    
   42.1180420    
   42.5441437    
   42.6806679    
   42.6183205    
   42.5582962    
   41.7412949    
   47.8396034    
   49.0803070    
   55.7537231    
   66.2473602    
   63.1575813    
   59.0419617    
   61.3067245    
   54.8512993    
   47.4659042    
   45.9664536    
   39.3975792    
   50.8156166    
   55.0903206    
   52.1166458    
   62.2257805    
   61.8375587    
   66.9112015    
   67.4732819    
   67.9316559    
   68.0134964    
   76.6281433    
   76.8311691    
   74.6782074    
   70.3157806    
   82.7578735    
   90.8574295    
   92.7641754    
   105.520866    
   107.656631    
   107.820618    
   102.705872    
   88.9901657    
   71.3945541    
   62.3805885    
   52.1100807    
   67.0575409    
   67.8853149    
   63.9919395    
   76.1902466    
   76.2685547    
   98.0627594    
   106.256706    
   105.607407    
   104.146210    
   110.130905    
   109.894989    
   105.763695    
   77.8022690    
   85.4639740    
   90.7239456    
   89.9324036    
   108.447968    
   112.564369    
   108.874786    
   99.8774338    
   85.6168976    
   71.2592316    
   67.0260239    
   56.4872360    
   70.8096161    
   70.8696289    
   64.4583511    
   76.5811310    
   78.5162048    
   89.1338577    
   89.7701492    
   88.7675171    
   87.2794266    
   95.5100098    
   97.0348129    
   96.4692001    
   80.6010208    
   94.6912460    
   106.726990    
   98.6439819    
   117.599594    
   117.058662    
   118.983597    
   113.653854    
   99.0386429    
   77.6855164    
   69.8226624    
   59.4555511    
   76.9354172    
   80.4307327    
   82.1506348    
   90.8269043    
   78.7902298    
   100.158989    
   105.296638    
   105.981133    
   101.437767    
   101.428024    
   98.9692993    
   94.4055634    
   70.1825638    
   82.3472137    
   94.3810425    
   73.3784485    
   89.6576767    
   86.2998505    
   90.0994873    
   83.6917953    
   67.2627258    
   49.7407265    
   34.6686325    
   22.0247955    
   40.0871429    
   42.5458641    
   41.7421112    
   57.3966980    
   59.2373657    
   74.4630127    
   76.7721252    
   76.3611908    
   74.9166183    
   81.4335556    
   83.8497772    
   81.9823532    
   58.3977890    
   67.9062271    
   87.3573456    
   77.0171738    
   87.4448624    
   84.7354050    
   86.6816101    
   83.1667023    
   70.9069214    
   58.5385513    
   43.2255516    
   34.7145767    
   42.5952339    
   43.6776466    
   43.8132706    
   56.5792007    
   60.1044159    
   68.2061310    
   66.5057983    
   64.6859283    
   63.6268997    
   65.4994354    
   64.4583511    
   64.7257690    
   47.2746048    
   64.5578003    
   90.3996353    
   79.4946060    
   99.7710114    
   95.9124069    
   99.8552551    
   96.5308456    
   82.0264587    
   67.1813889    
   40.9814720    
   19.8059444    
   30.3624001    
   30.6383820    
   25.3430901    
   31.4697800    
   30.8182907    
   37.8704262    
   38.2969437    
   38.7841339    
   37.8365936    
   44.8731384    
   47.0390511    
   45.8254547    
   38.4788780    
   60.2936974    
   86.1453018    
   80.5973587    
   103.595192    
   95.5139542    
   99.1651993    
   94.6025238    
   78.0788803    
   59.0497437    
   41.6565399    
   40.2771416    
   37.0676651    
   33.2384911    
   43.5292091    
   61.1722260    
   61.3644295    
   74.3389664    
   70.7405090    
   65.3429413    
   62.6320267    
   66.7807846    
   66.2322083    
   63.8997841    
   40.8315735    
   57.6145744    
   77.8904800    
   70.9468155    
   84.5150986    
   85.5632401    
   89.8574829    
   84.9629440    
   71.9935837    
   57.7727089    
   48.4337692    
   41.8756561    
   41.9769096    
   37.3609695    
   37.8770638    
   53.0043945    
   53.8653984    
   63.5409279    
   62.3889771    
   59.9066238    
   56.5296135    
   63.0421486    
   63.3111992    
   61.7620773    
   51.5873222    
   61.6878281    
   77.4821014    
   70.2533722    
   86.0108337    
   89.4144669    
   92.9076462    
   86.9447556    
   71.0506210    
   54.9373016    
   64.3177795    
   71.8850327    
   66.1528854    
   63.1085548    
   63.9579430    
   76.6076660    
   73.6442413    
   67.7517395    
   60.0138435    
   57.7481918    
   57.0600853    
   63.0592232    
   64.4537430    
   63.4123535    
   49.7186699    
   61.1557465    
   76.3630753    
   71.6532059    
   84.3775101    
   90.8332138    
   95.1209946    
   87.9342499    
   65.5974426    
   41.7409935    
   37.8337097    
   43.9784126    
   50.8596573    
   56.0506935    
   59.0140991    
   70.9198761    
   72.6402206    
   81.4546051    
   79.9138412    
   69.6801605    
   69.4911575    
   76.8253632    
   75.4437256    
   67.1519394    
   52.2211914    
   63.8217659    
   76.0891266    
   75.4155579    
   91.4071274    
   91.0689240    
   98.7075729    
   94.2853012    
   76.8499680    
   56.5178032    
   45.6813698    
   34.8859520    
   41.1377678    
   41.6800461    
   40.4070053    
   37.8003845    
   34.1700058    
   32.3213387    
   30.6331844    
   28.8780994    
   26.8037415    
   27.4561043    
   27.5732594    
   30.0999165    
   30.7485676    
   43.3357697    
   51.6407661    
   78.2835922    
   88.2453308    
   91.3369446    
   87.7916718    
   122.265694    
   114.550400    
   97.9366150    
   69.9432068    
   46.1543236    
   47.8126144    
   46.6510124    
   42.6998329    
   48.4850502    
   47.9152107    
   60.7617493    
   63.3401337    
   66.4294052    
   65.8665466    
   75.3140640    
   73.4185257    
   76.1203613    
   93.0265045    
   114.107414    
   136.141876    
   157.058685    
   176.778870    
   170.521927    
   165.019867    
   147.957443    
   134.633911    
   113.960968    
   94.0396118    
   75.0462265    
   69.8031006    
   65.4306793    
   62.0360031    
   67.2493362    
   66.7835464    
   70.4737625    
   67.7977676    
   66.9967728    
   66.5320587    
   70.3173370    
   69.4104538    
   70.7517471    
   69.8333969    
   82.2763443    
   85.3495331    
   91.4166336    
   91.6879044    
   80.5484238    
   81.6236954    
   82.5795746    
   78.5519943    
   53.9676666    
   45.3623886    
   30.7354298    
   15.5518656    
   8.41765976    
   9.81239223    
   22.4834309    
   25.3492928    
   30.4442787    
   29.7259197    
   27.5491161    
   26.0525436    
   30.0601902    
   29.0629215    
   29.2479115    
   32.7616196    
   45.0668945    
   61.5461502    
   81.4315338    
   90.5418625    
   95.3097534    
   87.0906067    
   82.1095734    
   80.2005234    
   82.1988907    
   74.0751877    
   61.4541435    
   64.1821823    
   56.1969299    
   66.0087128    
   66.3787918    
   60.7561531    
   72.1381531    
   68.8074036    
   69.3556137    
   68.0695114    
   74.8006744    
   76.4777222    
   79.3507462    
   78.7616272    
   94.0527725    
   103.911514    
   112.801170    
   119.725540    
   114.426186    
   109.016762    
   103.183746    
   88.2476578    
   76.1458740    
   69.4658890    
   49.8325615    
   56.6291924    
   57.9318886    
   61.8036995    
   79.9010162    
   76.6682053    
   75.0678558    
   65.3580093    
   62.3877449    
   63.4516792    
   71.6543198    
   73.6041031    
   71.8892059    
   59.6608658    
   70.3500977    
   72.1799011    
   65.5727463    
   67.3944397    
   76.0460815    
   74.4167938    
   71.5655060    
   62.7934418    
   54.6720123    
   58.0136604    
   50.6294098    
   51.7719269    
   51.2416420    
   50.1702805    
   50.3226814    
   49.7998924    
   51.6572342    
   51.4398117    
   50.7874222    
   50.2967758    
   51.7250328    
   51.7123489    
   55.2969131    
   57.3657990    
   60.4795837    
   75.2407303    
   72.2766266    
   80.3501053    
   79.8681564    
   82.2645569    
   79.3186569    
   66.4465027    
   64.7826233    
   56.3058777    
   46.6670876    
   51.0946960    
   49.7313843    
   48.1404419    
   52.2825623    
   51.5863914    
   53.1607971    
   51.0888062    
   50.0263290    
   50.3771019    
   54.7790604    
   55.9985085    
   58.7458611    
   63.0199432    
   80.1293030    
   90.7422180    
   81.6960831    
   80.2258224    
   82.4592438    
   78.3761978    
   72.6792755    
   70.9643936    
   69.9038925    
   66.6333771    
   59.8986473    
   58.6103554    
   58.6706161    
   55.8906784    
   58.9326820    
   58.3046799    
   60.3229294    
   60.0499382    
   59.4814568    
   59.5671768    
   64.4661026    
   63.3357964    
   62.7793808    
   63.9151459    
   72.1438904    
   92.6322784    
   102.909920    
   108.593636    
   109.821365    
   105.063324    
   94.9489975    
   86.8843155    
   73.1494980    
   60.4079514    
   49.6943512    
   56.0386353    
   55.2713432    
   53.4024391    
   61.0466690    
   62.8863297    
   67.5003891    
   68.2230911    
   68.5756378    
   67.7327271    
   74.7282257    
   75.0544968    
   77.8492966    
   68.4181061    
   69.5670624    
   89.8271408    
   92.8332214    
   104.829979    
   107.866096    
   109.043457    
   102.866264    
   86.1464920    
   70.2787170    
   62.5254631    
   46.4560699    
   52.4380150    
   51.7419319    
   50.0152397    
   54.4319267    
   54.9183121    
   56.7706604    
   57.3542786    
   57.8111954    
   57.4793968    
   56.0939865    
   56.6540031    
   62.3391495    
   60.4539032    
   65.9497070    
   93.8738403    
   90.9711304    
   103.109917    
   108.118301    
   109.251427    
   91.1214218    
   73.8340149    
   75.7564545    
   63.6214828    
   49.5460052    
   54.4367905    
   57.1727753    
   55.4298248    
   55.0145836    
   53.1231308    
   53.4436264    
   51.7375374    
   50.8973808    
   48.1532097    
   49.3880348    
   48.1020317    
   53.4527321    
   64.0057297    
   79.8342285    
   102.417747    
   108.010475    
   122.549377    
   121.788803    
   126.253654    
   121.244316    
   106.143600    
   98.2776794    
   75.9682846    
   60.0202179    
   76.0540771    
   69.3573914    
   64.8613892    
   70.9296341    
   72.4905243    
   70.9026184    
   68.5063324    
   64.4733582    
   62.3439598    
   60.1647911    
   59.0940666    
   61.8774338    
   54.4521675    
   56.4386330    
   69.5288696    
   62.7839928    
   57.3869400    
   50.5216064    
   41.1611099    
   43.9133453    
   46.1349220    
   43.0043221    
   30.3870945    
   19.1927471    
   17.0152302    
   15.0042572    
   13.2903214    
   14.4757710    
   11.0498800    
   18.6537323    
   16.0812664    
   11.3982792    
   7.10317802    
   4.07610893    
   1.29775286    
   5.48601913    
   1.77954054    
   19.2332993    
   39.4611282    
   39.2172241    
   57.9192047    
   57.0029755    
   77.8766327    
   85.4322739    
   67.5036011    
   42.8106117    
   25.0446663    
   3.72480941    
   13.6890278    
   10.1785135    
   6.69444609    
   23.0029182    
   23.1236782    
   33.6107597    
   34.6024437    
   38.3242455    
   38.1431847    
   44.1873894    
   44.0907974    
   46.0188980    
   46.2434006    
   64.3449783    
   87.0227203    
   91.6311646    
   103.801575    
   78.6006546    
   73.6207199    
   80.0454025    
   75.9498138    
   61.3847122    
   44.0899582    
   29.2361813    
   34.2568398    
   34.9737549    
   35.2946243    
   34.4276772    
   33.7954369    
   32.6340866    
   29.9779873    
   30.6428890    
   30.7618847    
   33.9824486    
   33.4284744    
   33.5310097    
   34.3910027    
   39.0075912    
   39.3151855    
   38.7484856    
   60.5181885    
   62.9123077    
   80.2675705    
   76.1683960    
   59.6349525    
   48.8952904    
   38.0472755    
   33.4338341    
   42.3553429    
   39.8298302    
   37.9256516    
   44.1875954    
   43.0676308    
   41.7411118    
   42.0625877    
   41.3128738    
   41.1402054    
   45.3421669    
   48.6870422    
   55.4145126    
   53.1672020    
   50.9256401    
   59.3092232    
   56.1703224    
   59.2489166    
   58.6533432    
   58.1725273    
   61.3450394    
   57.5273933    
   62.4002190    
   58.3302803    
   50.7645683    
   57.2580223    
   55.2548714    
   52.3773499    
   54.9813576    
   55.5756531    
   53.5836258    
   53.3712273    
   52.2500381    
   51.4942169    
   49.4637299    
   49.4309464    
   50.7509041    
   46.6449280    
   42.9987984    
   58.0029831    
   56.4234962    
   60.1899414    
   57.7855072    
   63.0051804    
   51.2223434    
   35.3324623    
   41.1212578    
   38.7339287    
   35.9086761    
   45.5791740    
   46.0947342    
   42.7478867    
   50.5122795    
   49.3225899    
   52.8393402    
   52.8116455    
   51.5020485    
   52.1600075    
   55.4487381    
   55.7374916    
   61.5543251    
   67.5167618    
   71.1005936    
   78.5335007    
   76.4195480    
   93.2444839    
   99.9259720    
   103.635567    
   113.796181    
   103.335930    
   96.3018417    
   77.4543533    
   57.4822884    
   62.1180916    
   55.3768730    
   49.6297302    
   55.2226105    
   51.7076263    
   54.4082756    
   51.2534599    
   49.3892937    
   48.7234688    
   52.4927216    
   52.3197060    
   64.4458618    
   64.4846039    
   90.0411072    
   124.238564    
   126.173775    
   149.738464    
   144.486481    
   146.246063    
   141.890686    
   126.959610    
   105.366348    
   69.9251633    
   39.6230431    
   49.0989532    
   47.3565216    
   44.0791245    
   58.1619263    
   57.5907288    
   63.5063362    
   59.9119263    
   57.3176155    
   55.4304466    
   58.8430138    
   57.9440079    
   64.5041504    
   48.9723320    
   61.1835785    
   61.3395233    
   52.8047752    
   87.6097717    
   102.196587    
   87.4796982    
   64.1479263    
   45.0231171    
   44.7271233    
   39.9915314    
   31.8106518    
   36.5667114    
   36.6544075    
   35.4813194    
   41.7859497    
   40.8674698    
   45.4476891    
   42.5677223    
   39.9352341    
   37.5516472    
   42.5893745    
   50.7421570    
   60.2178497    
   65.7904205    
   76.1075821    
   100.428871    
   120.727325    
   134.325668    
   136.145691    
   130.982178    
   126.202774    
   117.965141    
   105.533119    
   87.3761978    
   75.6757812    
   71.4884338    
   64.2622375    
   58.3256187    
   58.6346130    
   55.6307526    
   54.2122612    
   53.9693794    
   52.7454262    
   51.1690483    
   54.8533020    
   55.2183037    
   65.0513611    
   71.2201462    
   86.9258804    
   96.8388367    
   108.562508    
   127.557419    
   119.782547    
   105.701057    
   97.9273911    
   88.3388214    
   75.2864609    
   59.1932297    
   41.3155594    
   39.1115417    
   35.2875252    
   37.2316780    
   45.5062866    
   46.6343727    
   49.6326370    
   50.1251259    
   48.4025574    
   47.4174843    
   50.1096764    
   49.9230995    
   60.8714027    
   52.7184525    
   71.4486313    
   104.392906    
   114.433754    
   139.185898    
   133.651093    
   141.340073    
   140.920441    
   129.688736    
   111.912590    
   78.0111237    
   48.8834610    
   47.7681465    
   45.5447044    
   41.0625496    
   51.7804947    
   50.9299316    
   53.3859634    
   52.8515511    
   50.8472214    
   49.7215691    
   51.0564194    
   54.7229919    
   66.2945938    
   57.0349007    
   81.9378738    
   115.078384    
   119.335266    
   124.838234    
   114.201576    
   116.934105    
   129.426086    
   112.308479    
   80.1946564    
   62.2308998    
   39.0696945    
   46.6996574    
   40.8059959    
   28.7691593    
   36.0550461    
   37.1913719    
   54.1830673    
   54.6992416    
   51.2646484    
   51.3980293    
   55.4265404    
   55.4562798    
   65.9823761    
   61.0213432    
   92.4968567    
   136.367325    
   135.344986    
   167.061829    
   160.938644    
   161.697006    
   148.928085    
   118.879341    
   97.1439362    
   67.2812958    
   39.4522972    
   40.1436806    
   32.6059456    
   23.0168629    
   31.3533134    
   28.2041626    
   39.9986229    
   39.0736160    
   36.9419136    
   38.6637878    
   49.1611443    
   56.5241394    
   64.3165894    
   55.8288612    
   58.3519974    
   59.6902046    
   51.1870384    
   55.2565613    
   48.9978371    
   50.0762329    
   49.8296928    
   45.8363152    
   46.0696106    
   43.6625862    
   35.5693970    
   38.5074654    
   35.2651596    
   29.3378143    
   33.4978065    
   31.9059429    
   36.0171471    
   35.1416969    
   35.2941513    
   34.4558754    
   32.9038849    
   32.8479271    
   37.5814552    
   36.8538628    
   38.0795708    
   60.7206078    
   51.6321297    
   64.3296432    
   44.0358963    
   45.2642212    
   42.3891983    
   33.9339256    
   30.2721004    
   23.9231491    
   20.0709362    
   26.7933617    
   22.6728649    
   23.8045845    
   32.4579735    
   24.6127949    
   42.2134476    
   41.5027351    
   42.9918976    
   38.7496262    
   34.4434242    
   35.2863617    
   48.1101227    
   37.0756302    
   46.9279480    
   60.5168343    
   60.2974663    
   66.7480392    
   72.7733612    
   84.2297440    
   77.8792419    
   70.9408951    
   57.5776024    
   32.9040298    
   24.9211178    
   40.6704483    
   39.2489243    
   34.7261353    
   43.8157501    
   42.1718483    
   42.5885201    
   39.8655205    
   39.5385704    
   41.2970390    
   41.9070587    
   38.8541031    
   44.1912231    
   27.8053093    
   33.1489906    
   44.6476364    
   58.4896812    
   64.0474091    
   58.2800140    
   61.0542107    
   51.1003380    
   38.9750099    
   39.1063728    
   36.4438591    
   28.8799210    
   31.8415833    
   29.0815468    
   27.1963348    
   29.3866043    
   28.5779552    
   28.6503315    
   27.0678158    
   25.8260040    
   24.3934345    
   24.5402393    
   26.3227158    
   37.6053047    
   43.4156609    
   68.3828888    
   92.0745621    
   91.7924347    
   98.3339996    
   90.1913605    
   97.6741333    
   83.6898270    
   59.1414413    
   51.8710327    
   38.5922356    
   25.6057339    
   27.8012486    
   23.4607162    
   18.1256447    
   24.7222080    
   23.7839317    
   29.3080330    
   27.7073860    
   26.5550919    
   22.5687218    
   25.0526333    
   28.7494717    
   36.0636063    
   33.9052773    
   37.3187904    
   71.6423264    
   65.4252090    
   71.8222733    
   53.2250023    
   59.4066391    
   48.2040863    
   41.6072578    
   46.3258209    
   41.7207794    
   30.1163139    
   31.8900108    
   27.1919250    
   27.4588890    
   32.9139366    
   30.0626335    
   34.7688332    
   35.0285988    
   35.5103111    
   36.4615746    
   41.7311058    
   45.8741302    
   56.4752693    
   55.8690567    
   74.0606537    
   95.6075058    
   89.6724548    
   108.410660    
   106.641418    
   133.583282    
   147.331268    
   153.136887    
   120.146202    
   86.6161575    
   61.2126350    
   59.4502907    
   50.0200882    
   43.8272820    
   58.8996010    
   55.6361923    
   66.5929947    
   64.9335175    
   64.7443085    
   63.4648476    
   67.1253052    
   66.9211273    
   81.5195389    
   81.7666321    
   104.403389    
   128.674423    
   128.394257    
   125.783066    
   128.091568    
   130.549973    
   119.063400    
   111.095230    
   100.120033    
   79.5644455    
   59.0413933    
   59.7809219    
   55.1625481    
   54.3938065    
   65.7814255    
   69.9918213    
   65.8364716    
   65.5606766    
   67.7909546    
   67.4108353    
   65.6514816    
   69.7497864    
   82.2430191    
   74.6536026    
   95.6594925    
   123.532104    
   133.893661    
   132.906525    
   128.273361    
   145.190216    
   161.528488    
   154.697464    
   138.154709    
   97.3305359    
   64.6031647    
   67.8873825    
   57.3337784    
   54.6185036    
   68.4527740    
   67.6809158    
   73.4041748    
   72.2697220    
   70.1640778    
   67.3213196    
   67.4312057    
   73.1209488    
   94.3375549    
   95.2524109    
   131.099365    
   170.360107    
   185.395721    
   199.709396    
   181.111374    
   162.150955    
   163.043701    
   154.658112    
   127.808388    
   101.897217    
   69.4815063    
   77.4850311    
   63.5543175    
   53.5151062    
   65.5700684    
   68.5759201    
   79.1675568    
   82.2204971    
   80.7333221    
   82.5272522    
   73.7585373    
   71.5395660    
   83.0537186    
   53.1796455    
   73.8188477    
   110.278099    
   118.078468    
   138.325500    
   148.668777    
   158.815948    
   141.954681    
   130.136017    
   113.648911    
   83.5184097    
   49.2896538    
   43.4603882    
   34.1757851    
   30.0792561    
   41.3719749    
   35.8409691    
   45.4550781    
   43.2748032    
   39.7486801    
   39.0016365    
   40.6316299    
   46.5072937    
   61.5988350    
   51.3884544    
   69.5640793    
   99.2523193    
   117.249763    
   141.514633    
   148.468262    
   163.940125    
   147.684006    
   126.519829    
   104.407265    
   76.3826065    
   45.5055580    
   48.1401024    
   38.6145935    
   36.1457138    
   37.9588699    
   33.6614342    
   39.8830261    
   40.3765602    
   39.0368614    
   38.5704384    
   38.9139671    
   42.8001328    
   53.2711067    
   41.7550697    
   60.6876526    
   107.917053    
   120.546272    
   135.781586    
   109.283760    
   129.527679    
   138.942139    
   121.210297    
   95.1414719    
   72.0465851    
   41.6729126    
   41.8807716    
   28.0146618    
   27.7198467    
   41.1102028    
   41.5473938    
   54.4617653    
   58.8706665    
   56.8782501    
   51.9300194    
   55.3433952    
   59.8096123    
   74.8509369    
   86.5664291    
   125.625618    
   167.492340    
   193.157959    
   237.496552    
   223.614716    
   228.587936    
   186.117142    
   166.852982    
   160.884567    
   131.217804    
   94.0080872    
   88.0889435    
   71.9514999    
   62.6840630    
   72.8184052    
   67.8631516    
   77.5106430    
   76.5252380    
   73.3828125    
   69.8673935    
   65.4849091    
   71.9393768    
   92.0806427    
   84.2452545    
   114.951591    
   154.793671    
   177.807709    
   192.198776    
   163.360474    
   158.233749    
   145.232193    
   130.965759    
   104.628845    
   68.2428055    
   42.2519150    
   65.9066238    
   63.1380692    
   54.6646347    
   70.0222702    
   63.5938377    
   72.3462906    
   68.6728897    
   64.6641312    
   61.3398972    
   48.3863144    
   55.7187653    
   72.7425613    
   42.3993378    
   64.8498306    
   109.194260    
   117.290581    
   148.990829    
   115.004234    
   96.4452286    
   90.4717636    
   76.6656799    
   62.8206635    
   43.7485237    
   28.5673466    
   41.9881630    
   35.9975700    
   27.6486816    
   41.6192589    
   41.5252762    
   40.5405960    
   38.1518173    
   36.3886375    
   34.3570786    
   30.1159630    
   36.4377975    
   54.6650887    
   38.2949142    
   65.1813431    
   101.772835    
   117.241585    
   150.747437    
   157.130692    
   115.159401    
   89.6554031    
   72.2835388    
   56.4930649    
   40.2971992    
   26.1260719    
   35.6479912    
   26.2975845    
   18.5656185    
   26.7970028    
   22.3440285    
   33.0735435    
   29.8899307    
   26.5835285    
   24.7205505    
   23.8917999    
   32.4660721    
   51.5456886    
   43.2866249    
   73.9641342    
   111.703667    
   123.922264    
   145.313858    
   146.071533    
   160.798706    
   165.673355    
   144.458435    
   116.965775    
   73.9377441    
   48.5513458    
   61.0425186    
   50.6830750    
   47.1431656    
   55.1870346    
   53.4882698    
   60.2204857    
   57.0003891    
   54.0070915    
   51.8227577    
   57.1988907    
   60.6250801    
   76.4665909    
   87.4279938    
   111.745728    
   152.944717    
   173.895126    
   198.684601    
   195.486176    
   191.811600    
   179.995651    
   181.728806    
   135.632614    
   98.0748138    
   73.9283676    
   72.6563492    
   57.6306114    
   52.2085037    
   62.6576042    
   58.5890732    
   62.8447647    
   60.9873199    
   58.5463028    
   54.9859657    
   49.5571327    
   56.5568771    
   76.5606613    
   66.4340591    
   96.8156357    
   135.445450    
   151.520432    
   137.637466    
   108.119354    
   126.347298    
   136.759949    
   112.444359    
   59.5817833    
   38.1143456    
   24.2622318    
   15.0403023    
   5.19930744    
   2.95310616    
   11.2843008    
   12.6270027    
   17.8983269    
   18.4067574    
   19.2115803    
   20.8131981    
   22.9205284    
   30.6704445    
   47.9797668    
   38.0067635    
   58.2596664    
   99.7812653    
   81.9457779    
   122.125725    
   123.183769    
   147.193161    
   145.882996    
   128.773636    
   99.6474457    
   58.5084877    
   30.9039631    
   37.1223145    
   29.0965519    
   27.4435081    
   48.3676834    
   50.7033806    
   54.1096420    
   51.1375237    
   48.0260391    
   47.2221603    
   37.0247574    
   39.8427277    
   50.1083145    
   26.4201374    
   32.7211075    
   78.1340485    
   91.5315552    
   127.222168    
   130.208206    
   133.763214    
   128.983109    
   108.074623    
   73.3304138    
   40.8747864    
   23.8265018    
   42.4595871    
   38.1031189    
   26.2349281    
   40.0143280    
   38.2443161    
   43.6363258    
   40.8129387    
   37.7657166    
   31.8950253    
   33.1090698    
   39.7075195    
   62.7411728    
   66.8849030    
   79.4314423    
   89.0007553    
   79.2658386    
   105.029724    
   121.433777    
   146.805634    
   161.717239    
   162.763351    
   147.367966    
   102.585930    
   67.5455399    
   63.1932068    
   47.6152496    
   35.0705795    
   40.8715248    
   39.4275780    
   46.8387718    
   44.0567055    
   38.4633408    
   35.9591446    
   32.7930832    
   42.0055618    
   61.6217041    
   58.1819611    
   94.5261612    
   141.220673    
   157.666656    
   159.339401    
   177.810196    
   187.194168    
   178.954742    
   168.175552    
   156.543701    
   102.038719    
   68.9223557    
   65.2284775    
   49.3282089    
   40.3644104    
   51.5113182    
   52.0552177    
   52.9246750    
   49.7427216    
   46.0313301    
   42.3260422    
   40.0449867    
   48.0978851    
   63.1787529    
   65.4321365    
   91.8179398    
   129.192566    
   153.740799    
   178.816116    
   174.516144    
   168.144699    
   156.134003    
   135.160873    
   113.210983    
   101.327904    
   66.0161285    
   71.7696381    
   58.0338173    
   48.8949051    
   49.0700111    
   45.3627663    
   49.5279732    
   46.0059509    
   41.3852692    
   36.7923050    
   36.4244919    
   46.8644714    
   65.0389938    
   69.2368546    
   103.245171    
   149.059036    
   165.407471    
   195.661362    
   209.353287    
   204.159363    
   174.012741    
   140.869247    
   113.346748    
   87.4783478    
   62.9584007    
   67.4627914    
   53.9868698    
   49.0222206    
   54.2898331    
   52.1978722    
   54.4510651    
   52.9052048    
   49.7492256    
   49.6208763    
   50.2256126    
   56.4004211    
   62.6876717    
   55.7484856    
   59.4599037    
   74.2441330    
   74.3344650    
   84.9804306    
   79.0739975    
   80.5084229    
   88.4073257    
   110.466225    
   95.6947021    
   65.6361542    
   51.2716331    
   45.7010155    
   34.6488457    
   26.2500687    
   31.5245934    
   28.4463062    
   25.5590096    
   24.4251308    
   24.3960876    
   25.3730946    
   25.6845055    
   32.2070389    
   48.8150635    
   50.5245972    
   77.1216736    
   118.387543    
   123.221657    
   132.531616    
   127.929466    
   119.257080    
   103.847908    
   84.0054398    
   74.1576996    
   75.3336258    
   62.1365280    
   59.3184586    
   41.6393929    
   32.1348457    
   40.8675117    
   38.6990166    
   51.1245193    
   48.8528137    
   46.3795700    
   41.6777725    
   32.6434479    
   43.8405151    
   65.4938278    
   70.3500366    
   84.2814789    
   93.2259750    
   125.197205    
   149.280106    
   135.626770    
   149.170609    
   166.942886    
   152.104294    
   142.676590    
   91.9332123    
   58.2861748    
   61.9832726    
   42.7034035    
   37.3150330    
   46.3680000    
   47.0947342    
   55.9773140    
   53.8172150    
   50.8793335    
   49.6356049    
   47.3487244    
   54.3659096    
   74.4795074    
   81.5875473    
   109.784706    
   143.973892    
   168.799545    
   172.992401    
   160.883682    
   147.056778    
   140.460632    
   133.777695    
   114.588120    
   90.4372406    
   64.8902512    
   74.7610931    
   64.5968170    
   55.8092041    
   72.4720764    
   73.2986984    
   87.4949646    
   84.5814819    
   80.2796555    
   74.8847580    
   57.3547058    
   63.7351532    
   74.9679947    
   65.6213760    
   91.0011368    
   120.216301    
   137.187225    
   163.295197    
   158.907684    
   156.236557    
   141.630753    
   125.796379    
   97.7310715    
   80.7669220    
   52.6871262    
   63.3838043    
   55.1169357    
   47.7033081    
   61.6249542    
   72.9204559    
   85.5067215    
   81.1965485    
   73.5819168    
   67.2642288    
   67.9946518    
   78.2477264    
   105.093910    
   107.401672    
   144.373520    
   187.746368    
   204.466690    
   233.290939    
   239.225967    
   237.521164    
   225.888596    
   203.080353    
   182.060303    
   153.233963    
   113.768959    
   109.057266    
   92.9577484    
   77.0393600    
   96.4642334    
   90.5081177    
   103.065887    
   96.6012039    
   92.1226578    
   87.8518524    
   81.7318878    
   91.5157471    
   111.973228    
   100.106056    
   106.452011    
   171.715134    
   167.011993    
   175.961563    
   136.201935    
   146.743973    
   139.088608    
   141.226349    
   117.459007    
   88.1075974    
   56.3915176    
   57.8019676    
   44.5729027    
   38.9589424    
   59.8677330    
   58.1819916    
   62.7112198    
   59.1764908    
   57.1330910    
   53.8378906    
   52.6614914    
   59.9986382    
   71.1580429    
   68.4751968    
   108.509796    
   160.194672    
   190.686829    
   197.325775    
   166.297806    
   158.191544    
   146.830933    
   135.839706    
   128.899750    
   109.725632    
   89.5334244    
   82.4042664    
   63.1773262    
   51.4929657    
   54.8923798    
   52.1691513    
   61.2986450    
   59.7341347    
   60.3664627    
   58.5433273    
   52.8451080    
   58.8344231    
   71.5231934    
   68.5897675    
   92.8028488    
   125.182877    
   117.644104    
   123.549400    
   109.814781    
   102.055626    
   98.6557770    
   93.6303787    
   79.3919220    
   63.3308983    
   41.6382370    
   47.9471359    
   40.6991234    
   34.5951958    
   44.6846199    
   44.0636215    
   51.7884712    
   51.4923706    
   52.6748657    
   52.6611137    
   46.1320343    
   54.2708397    
   60.9158287    
   50.4117241    
   69.9334946    
   97.8289948    
   105.266365    
   128.475052    
   125.768082    
   116.544983    
   91.9761658    
   66.2584229    
   67.8272552    
   50.9009094    
   33.2867432    
   42.1587601    
   46.6564751    
   43.4816437    
   47.2241478    
   44.8901291    
   50.6977577    
   52.0488777    
   50.9761238    
   49.4154205    
   47.9529572    
   48.1860352    
   50.9997826    
   49.9898682    
   55.7372627    
   68.3239746    
   70.8238297    
   72.4186783    
   81.1417999    
   103.421608    
   105.408409    
   96.1096649    
   83.0842438    
   74.4823151    
   58.4855995    
   56.7063255    
   42.3276215    
   33.8566284    
   40.3140144    
   39.9086533    
   42.9588737    
   41.1563568    
   39.1597977    
   36.1781616    
   35.3215256    
   43.3492241    
   51.3217010    
   42.0558090    
   44.4916306    
   72.9447021    
   86.8872223    
   104.553871    
   82.8041153    
   85.2762299    
   73.7286987    
   76.6298523    
   82.7778931    
   69.7522812    
   45.5638542    
   44.6134567    
   30.7510452    
   20.7736759    
   33.1463470    
   35.3753662    
   40.3436203    
   37.9844666    
   37.4374504    
   34.4285851    
   28.6844368    
   38.6159515    
   63.6924515    
   65.8064499    
   91.3322144    
   123.754135    
   136.872696    
   158.107773    
   167.953217    
   176.500717    
   184.638443    
   160.937210    
   133.483063    
   118.734550    
   58.7323074    
   56.7179108    
   44.0666847    
   31.1092949    
   48.7461395    
   46.5648651    
   59.6089096    
   58.2673759    
   53.7017975    
   48.8436356    
   33.3112793    
   42.3316078    
   58.6946983    
   43.6394043    
   60.5625458    
   90.2958527    
   112.931580    
   134.205444    
   130.731369    
   133.401367    
   126.134575    
   111.545349    
   90.0862274    
   57.5451431    
   37.1534195    
   44.4839821    
   36.7070503    
   31.5748997    
   38.6041298    
   39.1525230    
   40.5290718    
   36.6972580    
   34.8472214    
   38.1160431    
   38.0587463    
   41.2189255    
   45.1645432    
   38.6002731    
   42.0291290    
   38.1752205    
   53.0484467    
   51.4083328    
   58.2862434    
   68.3012314    
   50.6303139    
   41.9003487    
   30.4762535    
   22.6789608    
   21.1907997    
   24.4942741    
   20.5127602    
   16.9154167    
   21.4492588    
   19.7933846    
   25.1987762    
   25.8582535    
   26.4254608    
   25.9979172    
   22.7397823    
   29.0835400    
   43.4736519    
   42.9723549    
   60.8494720    
   67.6861191    
   59.5303650    
   83.9739914    
   80.0294571    
   67.8874435    
   83.1109390    
   86.7549591    
   73.4640884    
   58.0044060    
   36.7118759    
   40.9324684    
   29.4103985    
   22.1898174    
   35.4685745    
   32.5984306    
   35.5597801    
   34.6575928    
   34.6172333    
   32.8712807    
   30.8496513    
   35.7077827    
   43.5452995    
   34.0353813    
   47.9908714    
   93.1709137    
   85.7095337    
   106.875793    
   89.1345749    
   103.157043    
   98.6622009    
   85.9221725    
   78.3766098    
   47.3442574    
   24.9979477    
   33.2386856    
   27.5352001    
   22.3419304    
   30.9134045    
   28.9229927    
   35.8799820    
   33.2379303    
   31.7929058    
   31.9522610    
   30.5147781    
   37.3397713    
   49.3156471    
   53.9959984    
   60.5433273    
   73.4521332    
   69.8436432    
   52.8007278    
   74.7386551    
   100.864647    
   127.379013    
   142.305359    
   127.418892    
   126.392578    
   96.0030975    
   69.4423676    
   51.8419189    
   43.9211388    
   59.5399780    
   57.4284821    
   62.2024574    
   59.1374741    
   55.9627953    
   52.8920135    
   41.1858749    
   52.3755798    
   70.6093063    
   74.0898514    
   100.722015    
   133.320740    
   151.630295    
   157.618484    
   128.065033    
   112.280342    
   122.814453    
   114.442169    
   98.2625122    
   72.9798126    
   51.5154915    
   60.5519333    
   50.2515678    
   40.3143044    
   59.4745293    
   63.8922691    
   62.4783020    
   59.8755035    
   57.4151077    
   54.4106941    
   47.1372643    
   55.7190132    
   72.2099533    
   54.4945984    
   78.0078812    
   114.213913    
   125.914711    
   153.820786    
   162.977905    
   179.406570    
   168.897476    
   158.117859    
   138.105453    
   105.887001    
   71.0221558    
   61.5414467    
   48.0402832    
   40.3822403    
   58.1328239    
   59.3831100    
   70.9665680    
   70.7126770    
   65.2052765    
   60.3324318    
   47.1152344    
   56.3927689    
   75.7821426    
   67.5891495    
   101.398979    
   130.521179    
   117.525993    
   145.565125    
   157.284592    
   146.115265    
   131.514816    
   117.749802    
   117.450417    
   98.0160294    
   79.8445969    
   75.1245956    
   58.1690788    
   46.0803375    
   64.7282944    
   62.6002693    
   75.6803589    
   72.6484070    
   68.2400665    
   60.3679314    
   49.6324196    
   59.4804535    
   79.5897446    
   73.2446289    
   102.706810    
   147.656677    
   168.162323    
   188.420502    
   189.740891    
   193.732620    
   192.781036    
   175.222549    
   166.176697    
   129.560135    
   90.0053406    
   80.9993744    
   74.1502151    
   64.1246719    
   86.2658844    
   86.4348221    
   88.9127350    
   89.1127167    
   84.7234344    
   78.4548950    
   55.5095711    
   60.6322365    
   68.9905396    
   57.1555748    
   76.8752975    
   110.454521    
   131.448593    
   160.285522    
   144.726242    
   145.133514    
   148.709625    
   138.779785    
   143.098221    
   113.232002    
   83.4872208    
   88.6406403    
   72.3224640    
   64.6066284    
   88.9834595    
   94.3312073    
   100.279137    
   91.0932617    
   85.2585907    
   80.2928696    
   52.1541939    
   55.7310219    
   66.3680191    
   63.0397720    
   63.3789597    
   93.7679367    
   105.669685    
   123.150162    
   116.064613    
   105.584274    
   105.555901    
   89.5101242    
   117.627342    
   94.5806274    
   80.6224899    
   86.3986435    
   74.2848740    
   64.0334320    
   73.6092072    
   70.5342255    
   68.0462265    
   64.2493591    
   60.1174202    
   55.0272217    
   51.2911072    
   63.2010269    
   76.6389465    
   73.2778091    
   74.4184036    
   115.289268    
   136.045868    
   169.855164    
   187.465576    
   196.484100    
   190.946991    
   175.823929    
   191.244171    
   155.214218    
   119.480095    
   108.021179    
   91.4921341    
   80.4359665    
   102.993683    
   95.8688660    
   98.9990158    
   92.0202255    
   85.7511749    
   81.6999893    
   69.0160751    
   75.5359802    
   87.0402679    
   85.5079041    
   106.928436    
   129.974121    
   135.518326    
   146.149734    
   147.109283    
   146.999832    
   135.242493    
   129.440475    
   112.586632    
   99.2531738    
   80.9150543    
   83.6210403    
   76.4044571    
   71.9296722    
   85.6880646    
   82.0658722    
   77.2487335    
   72.6064911    
   69.0616837    
   66.4291992    
   61.9607315    
   69.4787903    
   84.3114090    
   90.0562668    
   125.183228    
   134.822845    
   139.871628    
   174.532898    
   190.130875    
   170.550232    
   161.469360    
   153.881149    
   131.646835    
   109.417084    
   93.9464493    
   95.1073456    
   81.5561676    
   71.7244415    
   87.0189667    
   83.4548798    
   81.2567749    
   76.5860977    
   71.2985306    
   66.7438889    
   62.0679970    
   72.3306580    
   90.6229553    
   90.6906281    
   87.3618393    
   115.344849    
   110.849251    
   118.588943    
   117.812820    
   111.049118    
   111.857765    
   101.461647    
   115.256783    
   102.808357    
   81.1672211    
   78.3323059    
   68.0471573    
   58.9983826    
   67.9141617    
   65.8053284    
   66.4320526    
   63.1028175    
   59.4320946    
   55.2073784    
   52.3346863    
   63.2275009    
   84.2884598    
   81.8453522    
   77.6551361    
   88.1901779    
   98.4123383    
   110.685715    
   131.017975    
   134.766846    
   147.703110    
   125.259094    
   166.472855    
   126.561119    
   114.327438    
   98.7078857    
   84.8320007    
   76.6398468    
   87.2090378    
   80.0659027    
   83.0351791    
   77.3457031    
   69.8972244    
   64.8424606    
   64.3685150    
   76.1644516    
   105.347031    
   122.889107    
   129.525085    
   115.210617    
   115.362251    
   122.125999    
   119.085854    
   122.920082    
   130.497406    
   120.233635    
   152.589478    
   124.025040    
   101.371246    
   94.3073044    
   72.4078674    
   60.6729622    
   68.0041275    
   63.1126366    
   64.6592331    
   58.3125343    
   52.6310310    
   47.6850243    
   44.7782097    
   58.6961288    
   81.3824615    
   86.1852951    
   99.4017868    
   134.443100    
   165.956512    
   169.933304    
   138.167236    
   149.693558    
   159.247513    
   139.130646    
   161.076508    
   142.765884    
   104.826721    
   98.1704865    
   76.8928070    
   62.8225899    
   80.0882187    
   74.5131073    
   78.8232422    
   75.7339172    
   71.1709747    
   68.1583862    
   56.2474365    
   66.9895477    
   84.0465393    
   81.4664307    
   93.6756897    
   135.805374    
   155.750534    
   176.935730    
   209.198029    
   115.524818    
   88.9507446    
   97.2478943    
   131.730118    
   107.797012    
   85.5629425    
   81.3897476    
   67.5470963    
   56.2943268    
   64.4704971    
   61.4090004    
   66.3985519    
   61.8058586    
   58.6528702    
   53.5599365    
   48.5050583    
   59.2664146    
   79.5516281    
   84.3065414    
   116.790672    
   160.190033    
   175.599655    
   183.953018    
   169.337189    
   172.444016    
   157.396667    
   135.101013    
   125.253891    
   111.564110    
   85.8012619    
   76.8314362    
   64.3522797    
   53.0099564    
   59.6259575    
   58.9434776    
   60.9985428    
   59.7851334    
   57.5035629    
   55.3945427    
   50.6039391    
   62.4362221    
   86.2249146    
   88.3132706    
   111.132339    
   99.4465790    
   99.4121246    
   105.237289    
   95.0854721    
   106.550598    
   103.284393    
   100.392693    
   93.4507217    
   72.6138000    
   48.6707230    
   51.6624451    
   43.0856743    
   40.0764847    
   50.0893898    
   51.5044937    
   64.0641327    
   64.9922638    
   58.3265228    
   54.7979584    
   55.6664658    
   54.8710365    
   57.4647408    
   47.7492981    
   47.7755127    
   50.8993301    
   51.2842751    
   78.9021378    
   90.9282379    
   97.3685684    
   107.155830    
   101.952026    
   121.966835    
   106.437515    
   80.7857056    
   70.1024551    
   56.1429520    
   49.2480354    
   54.8648834    
   56.4908867    
   48.6505280    
   36.7768707    
   35.1883163    
   36.7523956    
   33.8165207    
   37.4613876    
   44.7260437    
   49.0202255    
   62.2611237    
   69.8373795    
   92.8588486    
   97.1505127    
   71.9494705    
   61.9358635    
   55.9329605    
   46.1624413    
   51.9823189    
   47.8055382    
   47.8456192    
   44.4667854    
   38.1053276    
   32.9095001    
   36.4919548    
   37.1600304    
   33.8807373    
   36.2502098    
   34.1352959    
   35.7043800    
   35.4675751    
   37.7818565    
   39.7937508    
   32.3502617    
   36.6282120    
   58.2767334    
   49.8575745    
   76.9865417    
   96.7411194    
   110.290672    
   100.190681    
   92.8404236    
   100.602219    
   81.9175339    
   62.0860786    
   54.6801949    
   40.6862373    
   32.0393906    
   48.1327934    
   46.6346703    
   51.2370453    
   47.0231667    
   44.5227509    
   41.3703499    
   31.5860825    
   44.7486839    
   67.6182404    
   69.3503342    
   92.4393845    
   137.414566    
   153.675415    
   181.599167    
   180.746124    
   184.876480    
   178.418198    
   164.066025    
   172.446060    
   138.435303    
   99.3673325    
   88.2589035    
   69.0387421    
   56.5582085    
   74.2532578    
   69.7148514    
   73.5071182    
   69.6434784    
   67.0088882    
   68.3111038    
   46.6862221    
   56.9219208    
   74.2714844    
   70.3963852    
   82.0266418    
   119.739746    
   139.885529    
   170.605881    
   175.764969    
   182.019363    
   180.025009    
   166.954559    
   190.721100    
   155.233200    
   114.397324    
   101.721954    
   80.2219925    
   64.2360458    
   80.5560989    
   78.5664291    
   82.3544006    
   77.8785248    
   72.7663574    
   68.8089523    
   55.9937248    
   67.7327194    
   85.4823685    
   84.0174789    
   113.679314    
   151.574539    
   179.228104    
   188.091965    
   169.379105    
   171.377014    
   176.975601    
   157.405182    
   150.898544    
   131.903778    
   102.075737    
   97.7322617    
   84.7674561    
   73.3496094    
   91.0515366    
   87.1249847    
   91.7627792    
   87.7095947    
   81.4229126    
   78.1031113    
   58.3377686    
   65.8502121    
   78.2027054    
   78.8005676    
   101.997513    
   137.543823    
   159.896240    
   186.988205    
   196.586868    
   204.538208    
   199.483505    
   179.111313    
   149.262283    
   125.936890    
   98.3872147    
   108.635330    
   97.4210434    
   83.8269348    
   96.2133942    
   89.6255951    
   89.5707245    
   85.5572739    
   80.9830322    
   77.8094177    
   67.0584946    
   78.3041153    
   95.5479736    
   91.1019516    
   70.2000427    
   103.574516    
   121.148491    
   134.133102    
   144.143890    
   164.744843    
   160.694717    
   159.517120    
   204.213257    
   169.855804    
   115.349953    
   113.645157    
   97.8460846    
   85.0386200    
   102.637672    
   99.0174255    
   102.397202    
   98.4430008    
   94.1968765    
   89.4379044    
   85.5162354    
   95.9584885    
   121.909683    
   131.998322    
   122.553841    
   164.250381    
   182.555832    
   212.492203    
   222.071182    
   228.354584    
   224.924042    
   211.808807    
   253.190689    
   217.369461    
   175.122131    
   164.746063    
   139.014816    
   117.591934    
   130.754608    
   122.236526    
   135.705643    
   123.703178    
   112.145187    
   105.815285    
   96.3156586    
   106.876747    
   126.254570    
   123.371170    
   117.683533    
   157.604340    
   175.040955    
   195.846375    
   193.001984    
   191.731613    
   182.304535    
   172.304596    
   210.214920    
   173.783997    
   142.068695    
   136.687195    
   119.542007    
   103.609909    
   121.709755    
   121.287811    
   130.980774    
   126.282700    
   117.858437    
   108.913574    
   87.4186020    
   94.9857330    
   109.951508    
   104.529236    
   99.9624100    
   143.407181    
   165.845673    
   198.258392    
   210.042496    
   220.620346    
   216.250290    
