   50.9743347    
   50.3406448    
   50.3564415    
   50.4797554    
   50.8252106    
   51.4406929    
   51.9282379    
   51.1078682    
   50.3123741    
   51.0593452    
   51.9702263    
   52.5826035    
   53.3277245    
   55.5155830    
   56.7139778    
   58.1488152    
   60.5622711    
   61.5203438    
   61.9348335    
   64.8641586    
   66.5797348    
   72.1657715    
   73.9702530    
   73.4259872    
   73.3728714    
   76.2126007    
   77.4418259    
   78.8615875    
   82.8540115    
   84.8034668    
   85.6356583    
   86.4550858    
   86.5866394    
   86.7031097    
   86.6063538    
   87.0885086    
   87.8420715    
   89.9608154    
   90.5638580    
   91.0545349    
   93.4411087    
   93.8549881    
   94.7553635    
   95.8516464    
   97.7556534    
   94.8971786    
   95.3551407    
   95.0501633    
   96.4214172    
   97.6935501    
   99.1603088    
   101.048950    
   102.022079    
   103.135689    
   13.8463001    
   17.1875591    
   19.4309826    
   19.6911888    
   22.1864834    
   25.9278030    
   29.2355824    
   33.0482559    
   124.683456    
   121.525063    
   121.663765    
   121.033592    
   120.239273    
   120.946121    
   120.533951    
   119.853477    
   119.358871    
   119.325005    
   118.827316    
   119.187317    
   119.354477    
   119.200974    
   119.346046    
   119.673569    
   32.9515686    
   33.2987137    
   34.2346611    
   32.8216629    
   34.1167145    
   36.0253830    
   37.9827118    
   41.3167801    
   133.123047    
   130.409653    
   129.354965    
   128.957977    
   128.584427    
   127.395248    
   127.104164    
   126.036713    
   125.831413    
   125.668152    
   124.701889    
   122.194031    
   121.557785    
   121.027008    
   119.320732    
   118.618286    
   28.7542896    
   31.2683449    
   32.5128174    
   33.3377609    
   34.9899139    
   36.4045639    
   37.1826515    
   36.7226791    
   128.439407    
   123.983917    
   119.987106    
   117.077080    
   115.579788    
   112.469772    
   110.621971    
   107.305962    
   104.300758    
   101.587730    
   100.346268    
   98.9664383    
   98.1546021    
   98.2312775    
   98.8197632    
   99.2898636    
   9.47749710    
   11.5431004    
   12.1188354    
   12.6887856    
   13.6635466    
   15.7054272    
   17.8481216    
   21.0512600    
   113.169632    
   108.619148    
   107.706230    
   106.695152    
   105.271858    
   103.792137    
   102.345055    
   103.188553    
   102.340317    
   100.957870    
   99.4954681    
   101.214531    
   100.980949    
   99.8778610    
   103.200790    
   104.043549    
   16.2411880    
   24.1060047    
   27.9287014    
   30.4810123    
   33.8528709    
   35.9718246    
   37.8908958    
   41.4095230    
   133.205215    
   128.274979    
   127.137909    
   126.336761    
   125.112404    
   124.409897    
   123.212181    
   123.520103    
   123.356270    
   123.281036    
   122.746796    
   123.390350    
   122.853050    
   121.456482    
   122.359497    
   122.748177    
   121.325935    
   114.578209    
   111.908318    
   107.591537    
   106.679436    
   107.386238    
   107.847313    
   109.834236    
   109.751335    
   108.592262    
   108.141052    
   107.619057    
   107.381813    
   107.098465    
   107.542961    
   108.233772    
   108.503075    
   108.482613    
   109.431793    
   110.854118    
   111.415657    
   111.702507    
   111.388161    
   111.107460    
   110.861214    
   107.904915    
   106.381340    
   104.422218    
   104.002678    
   104.478790    
   104.952545    
   106.623260    
   107.685196    
   108.319267    
   109.023720    
   108.956825    
   108.483994    
   108.809502    
   108.711624    
   108.359703    
   108.198708    
   108.144081    
   108.289009    
   107.956543    
   107.777084    
   107.843811    
   107.443466    
   107.242165    
   17.8125763    
   21.6096325    
   23.4149609    
   25.1872425    
   26.9071369    
   29.2646027    
   31.9492512    
   35.3983917    
   128.313858    
   124.737564    
   125.496994    
   125.309807    
   124.584373    
   124.156776    
   122.966133    
   122.771324    
   121.055435    
   119.210793    
   117.910049    
   120.794960    
   121.813995    
   122.882133    
   127.078354    
   128.893753    
   41.0291710    
   47.5757179    
   50.8497353    
   54.0596275    
   56.6477890    
   58.4789124    
   60.6223946    
   64.6047974    
   157.524521    
   152.893127    
   152.332733    
   151.357697    
   150.180817    
   150.812073    
   150.617447    
   151.054245    
   150.882034    
   150.542923    
   150.489960    
   152.392456    
   152.810471    
   152.482941    
   154.254150    
   154.877167    
   65.1747437    
   69.0824890    
   71.0564499    
   70.2414017    
   71.6366501    
   73.6449051    
   76.0340195    
   82.5214081    
   177.758148    
   173.531708    
   176.209122    
   176.367905    
   175.792526    
   176.653488    
   176.156921    
   173.483032    
   172.465790    
   171.840622    
   171.117050    
   173.068100    
   174.121674    
   175.191391    
   178.122665    
   179.809067    
   89.8365479    
   83.4773178    
   83.2489624    
   77.0989685    
   76.8740845    
   78.7962875    
   77.7727890    
   71.2356644    
   162.807999    
   156.908600    
   146.994598    
   142.295532    
   138.940826    
   129.801041    
   126.133240    
   120.492195    
   115.834976    
   113.257591    
   110.629204    
   103.504456    
   101.334061    
   101.457733    
   97.7129593    
   96.0805817    
   5.85408545    
   10.3897057    
   12.8223801    
   12.8952160    
   14.1416111    
   17.0293713    
   19.3680458    
   23.5114193    
   118.015465    
   113.780441    
   114.522148    
   113.657494    
   113.090607    
   113.926872    
   113.554443    
   112.166893    
   111.216965    
   110.316589    
   109.210167    
   108.898842    
   107.939255    
   107.136711    
   105.976494    
   105.131897    
   104.325333    
   100.840996    
   99.5914307    
   97.8092575    
   97.3029861    
   97.2887955    
   97.5991364    
   98.0679550    
   97.7395096    
   97.6987000    
   97.8765793    
   97.1551285    
   96.6341324    
   97.0879211    
   97.2362823    
   97.7700424    
   97.5366440    
   97.0210724    
   96.8715134    
   97.4757767    
   97.7659531    
   97.9730759    
   98.3886948    
   98.2399979    
   97.9109879    
   96.0846329    
   95.1347122    
   91.9161148    
   90.5387955    
   90.0417709    
   89.6117096    
   95.5073776    
   98.1272812    
   99.9153671    
   102.516319    
   103.458321    
   103.665886    
   104.584679    
   104.491631    
   103.285889    
   102.871468    
   102.519066    
   101.990005    
   100.726265    
   100.105499    
   99.6418457    
   97.9601517    
   97.4291534    
   7.95839977    
   10.3868275    
   11.9951801    
   12.6237574    
   14.1151180    
   15.1389313    
   16.6087132    
   17.4737434    
   108.397522    
   104.240265    
   101.910561    
   100.527985    
   99.4056931    
   98.1690216    
   97.5595932    
   98.1120377    
   98.0051346    
   96.4126816    
   96.0108261    
   96.5672607    
   96.4916763    
   96.3124924    
   98.5998383    
   100.440651    
   13.1438322    
   19.7489300    
   22.3971558    
   25.5133648    
   27.5397930    
   29.6368847    
   31.4039707    
   35.5981216    
   129.636948    
   123.639603    
   124.035469    
   123.248581    
   123.363701    
   127.173950    
   129.105499    
   130.824509    
   131.688385    
   131.028275    
   130.756073    
   132.509186    
   132.977844    
   133.873962    
   136.575745    
   138.239914    
   48.3118286    
   47.7832947    
   46.0298500    
   40.1490707    
   39.5839767    
   40.5280724    
   43.0056000    
   48.2989426    
   144.326050    
   138.353546    
   135.203201    
   133.825317    
   131.860306    
   128.451675    
   126.246864    
   121.795471    
   119.945473    
   118.430496    
   116.717506    
   114.001526    
   112.654472    
   111.797623    
   109.790230    
   108.902496    
   18.1104755    
   22.4154453    
   24.6029930    
   25.1077576    
   26.7515278    
   28.3029060    
   30.0225449    
   31.4442959    
   126.088379    
   120.322540    
   118.784050    
   117.446785    
   116.583710    
   115.916458    
   114.939102    
   114.029510    
   112.858253    
   111.454285    
   110.231087    
   109.894066    
   109.652870    
   109.284668    
   110.017677    
   109.779709    
   19.4335594    
   25.1886673    
   27.6610699    
   29.7421608    
   31.6391811    
   33.5794830    
   35.4713211    
   39.0086784    
   133.611145    
   127.171555    
   125.416962    
   124.166626    
   124.160614    
   124.211418    
   124.439514    
   124.277794    
   123.025261    
   121.207222    
   119.904938    
   118.420212    
   117.560928    
   116.648705    
   115.600739    
   113.610672    
   111.537682    
   106.786659    
   104.742821    
   102.346222    
   101.456902    
   100.967087    
   100.495277    
   102.101341    
   102.360565    
   102.048676    
   102.414124    
   102.362595    
   101.990852    
   102.487778    
   102.554092    
   103.994522    
   104.147865    
   104.088013    
   103.915810    
   104.891548    
   104.442398    
   103.449219    
   103.214516    
   103.168762    
   102.846977    
   100.112595    
   98.8347549    
   94.0296555    
   92.5806961    
   91.4775162    
   90.7775803    
   93.5085907    
   93.1890182    
   93.0742874    
   94.7394485    
   94.3019943    
   94.7380295    
   97.9646683    
   98.2049637    
   101.078423    
   101.790062    
   102.345802    
   102.166695    
   102.373634    
   105.352676    
   104.182976    
   106.318008    
   103.652557    
   13.2096949    
   17.7231178    
   19.8863220    
   24.2421303    
   26.7367058    
   27.3043156    
   28.6781235    
   33.6076622    
   127.909531    
   122.643936    
   128.207016    
   127.186172    
   128.184311    
   130.601852    
   127.866508    
   127.682671    
   127.042885    
   126.933189    
   126.845619    
   127.464195    
   126.538879    
   126.287529    
   127.441269    
   127.302773    
   36.9280434    
   39.4932747    
   41.1100197    
   39.0986290    
   40.4539261    
   42.4114494    
   44.5092201    
   48.7342453    
   144.223297    
   139.535248    
   139.037857    
   138.137497    
   137.172348    
   136.369171    
   135.349899    
   132.567230    
   131.162796    
   129.592468    
   129.007828    
   127.473137    
   126.708755    
   125.088799    
   121.768539    
   119.675720    
   27.3440895    
   28.3031464    
   28.0654869    
   27.5607605    
   28.4479275    
   29.8002300    
   31.0570526    
   34.5574379    
   129.379395    
   124.118645    
   124.483208    
   124.496574    
   124.416397    
   125.905136    
   125.396461    
   121.746750    
   123.732094    
   123.950134    
   123.295273    
   121.923645    
   121.863815    
   122.350677    
   124.093094    
   124.571579    
   33.1539841    
   34.3057175    
   35.2373543    
   34.1934128    
   34.7312622    
   36.9966202    
   39.6640358    
   45.2789993    
   141.382156    
   137.081924    
   138.466965    
   137.997635    
   137.492065    
   138.446564    
   137.354507    
   134.687424    
   133.252136    
   132.404785    
   131.633194    
   130.486633    
   129.293243    
   128.469269    
   127.176361    
   126.129570    
   34.1694908    
   36.0536804    
   36.5408211    
   35.7808876    
   36.4521294    
   37.9079285    
   39.8171234    
   42.0977783    
   137.074326    
   131.335175    
   129.647125    
   128.460602    
   127.184578    
   125.974846    
   124.777580    
   123.659081    
   122.214966    
   121.299957    
   120.057709    
   119.421616    
   118.324692    
   117.060905    
   115.667892    
   115.786667    
   114.997421    
   111.171379    
   108.979286    
   104.139549    
   104.903870    
   104.705276    
   103.362450    
   103.714653    
   103.596115    
   103.212990    
   103.326630    
   102.737495    
   103.718140    
   103.127701    
   102.581688    
   101.510895    
   101.409515    
   101.753502    
   101.527786    
   101.083839    
   100.786560    
   100.891472    
   100.327881    
   100.106148    
   99.4066315    
   96.5867615    
   95.0602722    
   92.7322693    
   92.1957474    
   92.5804443    
   92.8290329    
   93.5595551    
   93.8726349    
   93.5818024    
   93.9199066    
   93.7942429    
   93.7235947    
   93.2644424    
   93.4303741    
   93.3166275    
   93.1278458    
   92.6662750    
   92.1964951    
   90.8811569    
   89.9380112    
   89.3394165    
   87.9267120    
   87.2616959    
   0.00000000    
   0.00000000    
  0.889854431    
   2.16573095    
   3.90918326    
   5.92988777    
   8.05372047    
   11.1053638    
   104.024803    
   98.2223587    
   97.0181503    
   95.7513885    
   94.5315094    
   93.8655930    
   93.0986099    
   92.4762421    
   93.0576401    
   92.7531662    
   92.8735199    
   92.7730637    
   93.0590515    
   93.1451340    
   93.4163971    
   93.6022568    
   3.61676550    
   5.18328810    
   5.22884369    
   4.66894388    
   6.58491802    
   8.68998623    
   10.8748503    
   15.7310486    
   109.186829    
   104.199295    
   104.877045    
   104.489395    
   103.855598    
   104.033035    
   103.634361    
   104.772942    
   104.728165    
   103.863419    
   102.722054    
   102.979897    
   103.008766    
   103.108932    
   104.069588    
   104.150452    
   14.2338991    
   15.9371109    
   16.4441090    
   16.1655140    
   17.0352974    
   18.4605885    
   20.0424194    
   24.6267490    
   118.805847    
   113.369492    
   114.348495    
   115.210289    
   115.818512    
   117.235916    
   115.795197    
   117.624969    
   117.464272    
   117.306938    
   116.965523    
   118.830551    
   118.094696    
   118.060875    
   118.070778    
   118.406273    
   27.6442394    
   24.6873741    
   24.2736492    
   20.7867603    
   20.3282757    
   21.8572159    
   23.6090431    
   30.0097713    
   124.523712    
   119.533539    
   120.098312    
   120.005844    
   119.481873    
   120.217331    
   118.922218    
   119.401489    
   119.079231    
   118.513046    
   118.410744    
   119.055664    
   119.084267    
   119.060165    
   119.262001    
   119.292625    
   29.1738052    
   29.2139950    
   29.1341400    
   25.8693829    
   25.2009964    
   26.4477253    
   28.9385490    
   36.0301170    
   131.511505    
   126.795799    
   129.849426    
   131.081024    
   131.285080    
   135.287476    
   137.903168    
   136.865067    
   134.488754    
   133.068314    
   131.356842    
   131.416153    
   128.355042    
   124.632339    
   122.157768    
   120.597710    
   119.990509    
   114.970421    
   113.327324    
   110.928223    
   109.082695    
   109.279854    
   111.392601    
   120.200920    
   119.760056    
   119.429298    
   123.515266    
   124.879562    
   125.199333    
   127.645874    
   128.753830    
   130.127365    
   130.990814    
   130.707199    
   130.023575    
   127.843605    
   126.883080    
   126.165253    
   123.739716    
   122.821396    
   122.935631    
   115.697365    
   112.727982    
   107.691986    
   106.146858    
   105.022453    
   104.223709    
   104.875603    
   105.472847    
   105.147820    
   104.143608    
   102.288887    
   101.804604    
   99.1697998    
   98.1364975    
   99.7791214    
   100.127151    
   99.2654037    
   99.6153564    
   97.0067368    
   95.8219223    
   95.3259354    
   92.4570923    
   91.2775040    
   0.00000000    
   1.66161430    
   3.35659027    
   2.74958301    
   4.05662966    
   5.47837162    
   7.56178570    
   11.0643940    
   105.276398    
   100.561142    
   99.5417862    
   98.7245255    
   98.0139999    
   96.4291153    
   95.0733032    
   93.0970078    
   91.9891891    
   91.0998611    
   89.7232895    
   88.2710266    
   87.5383301    
   86.8798676    
   86.6582336    
   86.4038391    
   0.00000000    
  0.118548080    
   1.17108667    
  0.297834605    
   1.15178847    
   2.85212207    
   5.42103243    
   10.2199469    
   105.372147    
   100.895752    
   100.756676    
   99.7134705    
   99.3735504    
   99.7092667    
   99.1371231    
   96.9817581    
   96.3487244    
   95.5545044    
   94.6697083    
   95.1184311    
   94.6583252    
   94.6818771    
   95.0060501    
   94.6995163    
   4.31084108    
   4.55894899    
   5.08772135    
   4.63013554    
   5.20217466    
   5.90159130    
   8.96476364    
   14.3949766    
   107.661850    
   102.004990    
   101.240356    
   99.7806854    
   98.1718063    
   97.2734833    
   96.1190109    
   94.7810822    
   93.6375427    
   92.7510605    
   92.3221436    
   91.7586517    
   91.8801346    
   91.8016510    
   90.8212967    
   90.7911758    
  0.697784424    
   2.26005983    
   2.54186845    
  0.380410105    
   0.00000000    
   0.00000000    
   1.26432633    
   5.48935366    
   99.5953674    
   94.0522079    
   93.9047165    
   93.5770645    
   93.3705215    
   93.1126022    
   91.9216766    
   91.7531509    
   90.4799881    
   88.9248962    
   88.1889877    
   88.2112198    
   87.8468552    
   87.2203445    
   87.2630768    
   86.8093338    
   0.00000000    
   0.00000000    
   0.00000000    
   0.00000000    
   0.00000000    
  0.299771637    
   2.88583136    
   7.61335182    
   102.786819    
   97.6741486    
   96.0218430    
   94.4557190    
   93.6697617    
   93.2095947    
   93.4598923    
   94.3307877    
   94.3756790    
   93.4934845    
   92.3531418    
   91.6863480    
   90.3977890    
   89.6657867    
   89.7004471    
   89.0996780    
   88.3148117    
   84.9665070    
   83.3180923    
   82.7567062    
   82.4047318    
   82.3267288    
   82.7104187    
   87.7902298    
   88.8263168    
   89.7637558    
   96.3746338    
   98.2698059    
   98.5010452    
   97.2102585    
   96.3665543    
   92.4834976    
   91.7215500    
   90.6447983    
   89.8639908    
   85.8398056    
   84.1717911    
   83.7630157    
   81.5608673    
   81.1904221    
   80.6667938    
   76.9453735    
   75.3025208    
   72.7211380    
   71.1901016    
   71.4323044    
   72.2977982    
   76.2525864    
   77.9125290    
   78.8019333    
   80.7008438    
   81.0755005    
   82.2140808    
   84.2007446    
   84.5103226    
   85.5629578    
   85.9316559    
   86.3634567    
   86.7161331    
   88.7482758    
   89.2807465    
   89.1535873    
   89.4486847    
   89.7953339    
   0.00000000    
   0.00000000    
   0.00000000    
   0.00000000    
   0.00000000    
   0.00000000    
   0.00000000    
   2.86615157    
   97.4617538    
   93.0136566    
   95.2828903    
   96.1216583    
   95.8745117    
   97.0464325    
   96.6021957    
   97.6835480    
   98.0175858    
   97.7159576    
   97.4238815    
   99.3765335    
   100.018677    
   99.7520523    
   100.203392    
   99.8131027    
   8.08749771    
   3.15809464    
   2.22517228    
   0.00000000    
   0.00000000    
   0.00000000    
   0.00000000    
   7.40255165    
   103.682793    
   99.9217682    
   104.898903    
   105.842354    
   105.147049    
   107.504486    
   107.945610    
   109.555939    
   109.693169    
   109.588539    
   109.125008    
   110.537819    
   110.942131    
   110.731728    
   110.429222    
   109.180290    
   16.1664925    
   9.21006107    
   7.29014111    
   3.46590686    
   3.80024815    
   5.97663069    
   8.45556927    
   14.0000963    
   108.824577    
   103.723244    
   105.272209    
   105.018608    
   104.818657    
   104.806236    
   103.656792    
   99.7136002    
   98.3654709    
   97.2628860    
   96.0658798    
   94.0266647    
   92.6745682    
   91.7226410    
   89.4962387    
   88.4444733    
   0.00000000    
   0.00000000    
   0.00000000    
   0.00000000    
   0.00000000    
  0.480312794    
   2.62588096    
   4.84083843    
   98.5022507    
   92.9273529    
   91.1498489    
   90.0453491    
   89.5092773    
   89.1149368    
   87.5441284    
   86.9676056    
   86.5434265    
   84.8790817    
   83.1113281    
   82.6465378    
   81.9872742    
   80.5978165    
   79.6508484    
   78.2162552    
   0.00000000    
   0.00000000    
   0.00000000    
   0.00000000    
   0.00000000    
   0.00000000    
   0.00000000    
   3.00437522    
   97.1273346    
   93.1180801    
   94.0900345    
   93.3090515    
   91.6615677    
   92.2120361    
   91.4790192    
   93.0208435    
   92.9853363    
   92.5844345    
   90.5168839    
   89.0489502    
   87.9769058    
   86.9918823    
   85.4001160    
   84.9282608    
   83.7385941    
   77.5116501    
   74.8639450    
   75.4846802    
   76.7862701    
   77.7682953    
   77.6465759    
   76.8542099    
   76.1239777    
   74.8056107    
   73.8917847    
   73.8310547    
   73.2524643    
   72.8569489    
   72.8723755    
   72.7848587    
   73.0319290    
   72.5839233    
   71.7489319    
   71.7645340    
   71.7131577    
   71.8014069    
   72.5594406    
   72.0744400    
   70.6553497    
   68.6539230    
   67.9238968    
   66.8598557    
   66.3727493    
   66.3458099    
   65.7858047    
   68.0710754    
   69.7742615    
   70.5332642    
   72.7311630    
   72.6861115    
   71.9407272    
   71.7844238    
   71.4833221    
   71.3380127    
   72.0699692    
   72.6419067    
   73.2245941    
   74.2693710    
   74.8512039    
   74.9047699    
   74.8158798    
   74.2980881    
   0.00000000    
   0.00000000    
   0.00000000    
   0.00000000    
   0.00000000    
   0.00000000    
   0.00000000    
   0.00000000    
   81.9651413    
   78.5668869    
   79.8240509    
   79.6298676    
   78.5847626    
   76.8595276    
   76.1985855    
   75.2706909    
   74.6314926    
   73.7865524    
   73.6321106    
   72.6200943    
   71.6260300    
   69.8478699    
   70.2669678    
   70.9059296    
   0.00000000    
   0.00000000    
   0.00000000    
   0.00000000    
   0.00000000    
   0.00000000    
   0.00000000    
   0.00000000    
   77.3768311    
   73.4194565    
   75.5546112    
   75.2848511    
   74.4842682    
   74.3757324    
   73.9490891    
   74.4917755    
   73.9525223    
   73.9393387    
   74.1394348    
   74.2349930    
   73.6175156    
   73.5489349    
   74.4095230    
   73.7919693    
   0.00000000    
   0.00000000    
   0.00000000    
   0.00000000    
   0.00000000    
   0.00000000    
   0.00000000    
   0.00000000    
   90.2504578    
   85.3959732    
   86.1257477    
   85.9764175    
   85.4231186    
   86.2613678    
   85.9439087    
   87.5189438    
   87.1844788    
   86.1222153    
   85.0485535    
   85.2337265    
   84.5716095    
   84.3681641    
   84.1642532    
   84.1515732    
   0.00000000    
   0.00000000    
   0.00000000    
   0.00000000    
   0.00000000    
   0.00000000    
   0.00000000    
   2.31309271    
   96.9370499    
   93.1601791    
   98.7593613    
   100.219086    
   100.904907    
   101.678040    
   101.376778    
   104.749199    
   104.991478    
   105.386963    
   105.564758    
   106.938835    
   106.049919    
   104.588692    
   98.9648209    
   95.8106232    
   3.31028843    
   0.00000000    
   0.00000000    
   0.00000000    
   0.00000000    
   0.00000000    
   0.00000000    
  0.155025065    
   96.5387802    
   92.8285065    
   97.0214767    
   97.8469162    
   98.2898941    
   100.573189    
   101.733299    
   101.141685    
   100.852089    
   99.8792877    
   98.0420532    
   95.7625046    
   95.0108871    
   93.8554764    
   91.8270721    
   91.2824554    
   88.2352982    
   79.9383240    
   76.8511887    
   71.3183212    
   69.2484970    
   68.6065292    
   68.6032028    
   69.2158813    
   69.1143799    
   69.7427292    
   73.2984543    
   75.2632141    
   75.4579086    
   76.3688049    
   75.8619080    
   76.5172958    
   77.4048538    
   77.2599564    
   76.9847946    
   79.2462540    
   80.2559509    
   81.0764236    
   83.6530533    
   85.6690216    
   85.8861847    
   82.0121460    
   79.2935486    
   75.5246658    
   74.1405945    
   74.1878662    
   74.6575775    
   77.6110840    
   78.7486649    
   78.9759140    
   83.1007690    
   84.2423325    
   84.4769897    
   89.3343048    
   90.5845642    
   95.6369400    
   96.6265945    
   96.7383270    
   96.5640488    
   98.8692017    
   100.741119    
   100.547363    
   97.7871017    
   96.2006302    
   2.82520723    
   0.00000000    
   0.00000000    
   0.00000000    
   0.00000000    
   0.00000000    
   0.00000000    
   0.00000000    
   94.0869446    
   90.1117401    
   97.6673584    
   99.1901855    
   100.968681    
   112.340668    
   116.679222    
   120.006889    
   120.284027    
   121.958420    
   122.784096    
   128.386948    
   129.099747    
   127.947693    
   121.752953    
   115.401207    
   18.8579731    
   4.77278423    
   0.00000000    
   0.00000000    
   0.00000000    
   0.00000000    
   0.00000000    
   0.00000000    
   89.0419235    
   91.7978516    
   106.280922    
   111.309166    
   111.985069    
   117.409698    
   119.499695    
   124.292885    
   123.953537    
   123.488029    
   123.586838    
   126.414017    
   126.862755    
   126.171326    
   118.439651    
   110.674965    
   14.4038143    
   0.00000000    
   0.00000000    
   0.00000000    
   0.00000000    
   0.00000000    
   0.00000000    
   0.00000000    
   95.0212097    
   92.1534729    
   99.8360291    
   100.458755    
   101.506073    
   104.896355    
   104.466393    
   106.621590    
   108.138428    
   109.065834    
   109.978004    
   112.779991    
   113.799194    
   114.038597    
   109.341263    
   105.083580    
   10.0332689    
   0.00000000    
   0.00000000    
   0.00000000    
   0.00000000    
   0.00000000    
   0.00000000    
   0.00000000    
   95.8029175    
   92.8722382    
   101.830635    
   104.241516    
   106.035156    
   111.538780    
   113.859962    
   112.269768    
   109.755028    
   109.671318    
   109.707413    
   109.365578    
   109.187035    
   109.766304    
   109.340752    
   107.381020    
   15.0630188    
   13.8611355    
   13.7133026    
   11.8154907    
   12.4351759    
   13.5625753    
   15.7170868    
   18.2068977    
   111.350693    
   105.248459    
   104.853333    
   103.208313    
   101.549980    
   100.823708    
   99.7936096    
   97.8935928    
   97.0185318    
   96.0895767    
   95.5655441    
   95.0600357    
   94.5915222    
   94.2851257    
   94.4951706    
   94.0817261    
   93.3261948    
   89.6286850    
   88.0491638    
   85.8533020    
   84.6999893    
   83.7582397    
   83.2027893    
   84.6566238    
   86.1675339    
   86.3291245    
   90.6556015    
   92.1734848    
   92.6082306    
   97.5420990    
   99.4700699    
   102.967537    
   103.389801    
   103.144379    
   103.270378    
   107.636597    
   109.126923    
   109.022270    
   104.648613    
   102.625099    
   99.0164795    
   84.4935226    
   80.5676270    
   74.9396286    
   73.5390625    
   72.7013092    
   72.5872955    
   75.0736694    
   77.3373871    
   78.6930542    
   81.6127853    
   82.0125580    
   81.9799118    
   81.3067169    
   80.6531372    
   80.1933517    
   80.2606277    
   80.9095078    
   81.3176804    
   81.4693680    
   82.0119934    
   82.2233124    
   80.7676544    
   79.4611511    
   0.00000000    
   0.00000000    
   0.00000000    
   0.00000000    
   0.00000000    
   0.00000000    
   0.00000000    
   0.00000000    
   93.8285446    
   90.9631805    
   92.6197891    
   90.6440964    
   90.2989197    
   92.9646378    
   92.9676056    
   94.7907104    
   95.6075363    
   96.1164474    
   96.8131561    
   100.486954    
   100.592125    
   100.391388    
   99.6111526    
   98.5097809    
   8.43295670    
   10.5524616    
   13.2704544    
   15.0198584    
   16.9858551    
   18.9066830    
   20.4105206    
   24.7960835    
   118.804474    
   113.502937    
   116.733009    
   117.175552    
   117.164101    
   121.879868    
   121.960274    
   123.937866    
   123.544884    
   123.542763    
   123.583664    
   127.885414    
   129.392548    
   130.354492    
   129.560806    
   129.354813    
   37.6243668    
   31.4966335    
   30.0541439    
   26.3071785    
   26.0982094    
   27.4321327    
   29.1646881    
   34.8895950    
   130.729630    
   127.450165    
   133.990433    
   135.552383    
   135.667847    
   141.950653    
   142.966293    
   147.835968    
   148.940155    
   149.256729    
   149.495850    
   153.409973    
   154.461914    
   154.726654    
   147.994080    
   144.309967    
   50.2142296    
   39.7069435    
   37.5446320    
   30.9059315    
   30.2406273    
   31.0308342    
   32.3032799    
   35.1420784    
   130.496063    
   126.770020    
   133.904266    
   135.890564    
   135.379471    
   138.478363    
   138.569641    
   144.257233    
   144.946518    
   145.914078    
   146.175140    
   149.760513    
   151.468491    
   152.053650    
   142.044586    
   133.804855    
   36.7412453    
   23.3696079    
   19.6774502    
   13.0594635    
   12.0326872    
   12.3407326    
   13.7328634    
   19.0529938    
   116.811729    
   112.829117    
   121.777969    
   124.193535    
   125.722954    
   127.903091    
   127.325073    
   129.993149    
   130.484940    
   128.024704    
   126.012566    
   124.272591    
   121.911621    
   119.622948    
   114.130211    
   112.452309    
   110.408890    
   102.629784    
   99.8925858    
   96.2347031    
   95.8079071    
   95.5366821    
   95.7703018    
   95.9933701    
   95.0024872    
   94.4484177    
   96.0740128    
   96.5834732    
   96.6819458    
   98.5570984    
   98.8719559    
   102.762215    
   103.571724    
   102.674149    
   100.517113    
   101.428177    
   100.974007    
   100.672844    
   97.0123367    
   95.9180756    
   93.8535690    
   84.1342239    
   80.9115829    
   76.1370544    
   74.2113953    
   73.0823669    
   72.3544846    
   73.4159851    
   73.9965973    
   74.4329910    
   75.2593689    
   74.5199738    
   74.2943497    
   73.6653214    
   73.5220947    
   72.6211853    
   72.5098419    
   72.5180435    
   72.5845718    
   72.3210297    
   71.8780594    
   71.4804077    
   69.9299698    
   69.1622925    
   0.00000000    
   0.00000000    
   0.00000000    
   0.00000000    
   0.00000000    
   0.00000000    
   0.00000000    
   0.00000000    
   73.2919464    
   72.1096802    
   79.3765945    
   82.1229019    
   82.8988571    
   87.8925323    
   88.4896469    
   92.1851730    
   94.2735901    
   96.1138077    
   97.4057999    
   102.569077    
   104.259773    
   104.574783    
   98.8129730    
   94.5963287    
   2.51455522    
   0.00000000    
   0.00000000    
   0.00000000    
   0.00000000    
   0.00000000    
   0.00000000    
   0.00000000    
   89.3975143    
   87.3108368    
   97.0197525    
   98.9714508    
   98.8814163    
   105.496208    
   107.104019    
   117.937065    
   121.834549    
   122.074905    
   122.817871    
   126.881607    
   128.463242    
   127.052933    
   112.475800    
   105.925354    
   13.5963869    
   6.38384962    
   5.74866009    
   2.33397174    
   2.98890448    
   5.10856628    
   7.56491804    
   12.0660620    
   104.093102    
   99.6510773    
   107.099236    
   108.746910    
   109.041939    
   115.473778    
   117.614822    
   123.351837    
   125.153793    
   125.751625    
   126.125549    
   130.733124    
   132.656631    
   133.301010    
   121.553093    
   116.341370    
   24.1054535    
   13.3426123    
   11.4679298    
   6.20355844    
   5.57161999    
   6.27076912    
   7.56792307    
   10.5037603    
   105.348099    
   106.837570    
   117.072906    
   120.511261    
   122.513420    
   126.759476    
   123.618561    
   132.623840    
   136.631363    
   137.911606    
   137.376312    
   138.138412    
   137.466064    
   135.604630    
   120.341408    
   112.837540    
   18.3626823    
   1.92342556    
   0.00000000    
   0.00000000    
   0.00000000    
   0.00000000    
   0.00000000    
   0.00000000    
   84.6646118    
   84.9610138    
   95.4874878    
   97.8855743    
   98.1310272    
   105.323235    
   106.917526    
   113.956642    
   116.006866    
   116.524506    
   116.504082    
   119.695389    
   121.244881    
   121.205391    
   104.415291    
   96.0802917    
   91.3010788    
   71.4826813    
   65.0604324    
   55.5981026    
   52.4421539    
   51.1237526    
   50.2810936    
   52.8704681    
   57.2489357    
   64.0762711    
   71.7606201    
   74.5065689    
   76.1888962    
   82.7415771    
   85.7438202    
   90.2539673    
   90.8355560    
   90.9643860    
   91.3247299    
   92.7049866    
   92.9722290    
   93.3165054    
   81.0747452    
   75.3003616    
   70.9916229    
   53.2488098    
   47.6217155    
   39.0511589    
   35.8809509    
   34.8969612    
   34.8621445    
   37.9384537    
   39.4165115    
   41.7500916    
   49.4306564    
   52.0077095    
   51.9386406    
   54.9483337    
   55.8059692    
   59.1240425    
   60.4106483    
   61.4867859    
   62.0426712    
   65.5200195    
   67.5181503    
   67.8194351    
   59.8485756    
   55.4019852    
   0.00000000    
   0.00000000    
   0.00000000    
   0.00000000    
   0.00000000    
   0.00000000    
   0.00000000    
   0.00000000    
   33.1736679    
   42.1399803    
   45.9202080    
   46.7332878    
   52.9911537    
   61.7035675    
   64.3886108    
   71.5823898    
   72.2456665    
   71.3795853    
   70.6622696    
   72.9648666    
   73.6410217    
   73.1826782    
   58.6065788    
   51.9753380    
   0.00000000    
   0.00000000    
   0.00000000    
   0.00000000    
   0.00000000    
   0.00000000    
   0.00000000    
   0.00000000    
   30.5636101    
   38.6790123    
   44.1448021    
   45.3029823    
   47.2893105    
   55.0095139    
   57.5967751    
   63.5554352    
   65.0180130    
   65.4866638    
   65.3033066    
   69.4591293    
   70.8145752    
   71.1623154    
   59.9147720    
   51.7794647    
   0.00000000    
   0.00000000    
   0.00000000    
   0.00000000    
   0.00000000    
   0.00000000    
   0.00000000    
   0.00000000    
   35.5647278    
   49.6777534    
   53.1801720    
   54.9910393    
   57.4855270    
   65.2153015    
   66.7097092    
   66.4953690    
   64.9442825    
   64.9425125    
   65.6047592    
   69.3110733    
   70.5643082    
   70.0520630    
   57.3433456    
   50.2945900    
   0.00000000    
   0.00000000    
   0.00000000    
   0.00000000    
   0.00000000    
   0.00000000    
   0.00000000    
   0.00000000    
   24.1324520    
   39.7481461    
   47.8996811    
   51.4886055    
   53.8100967    
   60.0122070    
   62.3181496    
   66.9910126    
   68.9234924    
   67.0300369    
   67.7549286    
   72.0082474    
   73.2866516    
   71.0496750    
   57.3289413    
   52.2178192    
   0.00000000    
   0.00000000    
   0.00000000    
   0.00000000    
   0.00000000    
   0.00000000    
   0.00000000    
   0.00000000    
   32.2097702    
   32.9742012    
   39.0601959    
   41.4562836    
   42.1998863    
   43.0737305    
   43.6549644    
   44.7248192    
   45.4370308    
   45.8899918    
   46.1090965    
   46.5508461    
   45.4350281    
   44.8818626    
   42.6150703    
   41.4955177    
   40.5578041    
   38.6488342    
   38.5691757    
   40.7433586    
   40.8280830    
   40.5553856    
   39.7048874    
   41.9121399    
   44.0950890    
   46.4253120    
   51.4435425    
   53.0036278    
   53.5857124    
   56.7151947    
   58.1148911    
   63.0122719    
   64.1213303    
   64.2308273    
   64.6593781    
   68.4741821    
   69.8144150    
   71.0255432    
   73.2072983    
   73.0551987    
   72.3827972    
   71.0469589    
   70.3703918    
   69.0593491    
   69.2051392    
   70.1809082    
   69.9096680    
   70.8339462    
   71.1522675    
   72.5654678    
   75.8280869    
   77.0678558    
   77.7943573    
   80.9971542    
   81.9310608    
   84.7751083    
   85.7171326    
   86.5876999    
   87.6289597    
   90.3481674    
   91.2215500    
   91.0905914    
   85.3111954    
   83.2076645    
   0.00000000    
   0.00000000    
   0.00000000    
   0.00000000    
   0.00000000    
   2.86897445    
   5.84496403    
  0.937750101    
   87.2847595    
   80.3457260    
   75.3037262    
   73.4695435    
   72.7749405    
   75.6842651    
   77.1194763    
   79.2821274    
   80.3960266    
   80.4488983    
   78.6746674    
   78.0252838    
   77.1414032    
   76.6928253    
   73.0602951    
   70.0178146    
   0.00000000    
   0.00000000    
   0.00000000    
   0.00000000    
   0.00000000    
   0.00000000    
   0.00000000    
   0.00000000    
   89.3624573    
   85.4176712    
   89.4288406    
   87.0258636    
   91.7897797    
   91.9697113    
   89.8312378    
   97.1509399    
   97.1648254    
   97.8549881    
   97.8432846    
   101.885651    
   103.830559    
   104.591164    
   96.3541183    
   91.7011490    
   0.00000000    
   0.00000000    
   0.00000000    
   0.00000000    
   0.00000000    
   0.00000000    
   0.00000000    
   0.00000000    
   87.1170120    
   80.9812012    
   89.1232986    
   90.5981903    
   92.6961975    
   103.694122    
   103.608040    
   102.438553    
   98.2447433    
   96.9503403    
   98.0321274    
   102.959740    
   104.663475    
   102.382690    
   86.9595337    
   80.0344543    
   0.00000000    
   0.00000000    
   0.00000000    
   0.00000000    
   0.00000000    
   0.00000000    
   0.00000000    
   0.00000000    
   88.9875488    
   86.0590439    
   87.4758835    
   87.0201340    
   86.1281967    
   86.3594742    
   85.7568741    
   86.1336060    
   85.2612228    
   83.9399414    
   82.9275208    
   82.9862518    
   82.5980682    
   82.8612366    
   79.7706757    
   0.00000000    
   0.00000000    
   0.00000000    
   0.00000000    
   0.00000000    
   0.00000000    
   0.00000000    
   0.00000000    
   81.3270187    
   79.2762451    
   79.0703354    
   82.3302002    
   82.5060577    
   82.0599060    
   83.3864975    
   82.8975220    
   83.0937805    
   82.8592529    
   82.7451096    
   82.5818100    
   82.6789627    
   82.6143188    
   82.6967163    
   81.8252258    
   81.9004593    
   80.9373245    
   75.9682846    
   74.1689377    
   75.3685837    
   76.2812500    
   74.4923096    
   74.6963501    
   76.3804169    
   76.4397583    
   75.4601440    
   75.5061798    
   76.2305984    
   75.9542923    
   76.8233185    
   76.8414154    
   77.4044189    
   77.5083923    
   77.5135040    
   77.6368332    
   79.2766571    
   79.4555740    
   78.9292908    
   77.4801254    
   77.1021042    
   75.8407440    
   71.4279633    
   69.9335861    
   65.0136261    
   62.8056335    
   61.8923798    
   61.0190086    
   60.5315247    
   60.8192558    
   61.7965546    
   69.9178162    
   71.4573669    
   71.9524460    
   77.3655243    
   79.4275208    
   83.1930084    
   84.9859619    
   86.2284851    
   86.8484344    
   91.5003815    
   92.6086197    
   92.3011322    
   80.5637283    
   0.00000000    
   0.00000000    
   0.00000000    
   0.00000000    
   0.00000000    
   0.00000000    
   0.00000000    
   0.00000000    
   57.9505768    
   57.6384430    
   57.8694077    
   67.5446930    
   69.8544922    
   70.6721573    
   74.1446075    
   75.6017838    
   77.5016022    
   78.6334839    
   79.6103058    
   80.0990143    
   80.0401001    
   80.9200592    
   80.7728958    
   70.8254013    
   0.00000000    
   0.00000000    
   0.00000000    
   0.00000000    
   0.00000000    
   0.00000000    
   0.00000000    
   0.00000000    
   63.0955963    
   62.7428207    
   63.3255005    
   67.2431564    
   68.1546860    
   67.9026718    
   67.8578720    
   67.3546295    
   67.3993225    
   67.2968292    
   67.1765213    
   66.2795258    
   67.4238739    
   68.5044479    
   69.4232712    
   68.1619415    
   0.00000000    
   0.00000000    
   0.00000000    
   0.00000000    
   0.00000000    
   0.00000000    
   0.00000000    
   0.00000000    
   58.9548340    
   59.4660301    
   61.5289574    
   70.7983398    
   72.4834976    
   73.9839935    
   78.6842346    
   80.7059097    
   80.9192505    
   80.7036514    
   78.5721130    
   77.1788025    
   76.6049042    
   75.1128006    
   73.8595200    
   67.3157578    
   0.00000000    
   0.00000000    
   0.00000000    
   0.00000000    
   0.00000000    
   0.00000000    
   0.00000000    
   0.00000000    
   52.0995255    
   50.2296562    
   51.1115532    
   53.7230034    
   52.7922745    
   51.9782944    
   52.7223892    
   51.2247658    
   53.4905930    
   53.7446709    
   53.0335007    
   51.5597839    
   51.0142937    
   50.1396980    
   48.8131905    
   41.3930016    
   0.00000000    
   0.00000000    
   0.00000000    
   0.00000000    
   0.00000000    
   0.00000000    
   0.00000000    
   0.00000000    
   18.0410290    
   18.7283649    
   18.8664379    
   24.7131252    
   25.8418484    
   25.8319416    
   30.0080605    
   31.3295441    
   34.6269913    
   34.9431801    
   36.7135925    
   37.8885994    
   40.6942406    
   41.3508797    
   40.9030342    
   38.6856155    
   38.4076691    
   37.9069138    
   32.0208817    
   29.4609833    
   22.6396484    
   20.9463253    
   18.9922333    
   16.8240089    
   17.7668953    
   18.2901325    
   18.4856758    
   24.0821457    
   26.0332413    
   27.5423775    
   28.7992001    
   28.8148499    
   28.4101944    
   27.8138485    
   28.2805443    
   28.8898392    
   30.0544739    
   29.9974346    
   29.4139862    
   28.3536701    
   27.4263096    
   27.9847641    
   26.8688889    
   31.4040604    
   30.7281208    
   26.1711044    
   23.8778553    
   23.1227551    
   24.1422253    
   24.5655441    
   25.4528980    
   32.3750038    
   32.7882080    
   32.5972366    
   35.7067642    
   36.1971474    
   36.6245880    
   36.9506645    
   37.2333031    
   37.7655296    
   39.4469719    
   40.8097496    
   44.0545082    
   43.6830482    
   0.00000000    
   0.00000000    
   0.00000000    
   0.00000000    
   0.00000000    
   0.00000000    
   0.00000000    
   0.00000000    
   52.0646591    
   50.9985580    
   50.1667442    
   54.1080246    
   54.2635498    
   53.7732201    
   55.0160065    
   55.1910934    
   54.5677795    
   54.5230408    
   54.4293900    
   54.3821068    
   53.8015938    
   53.9621849    
   53.6555634    
   49.8696480    
   0.00000000    
   0.00000000    
   0.00000000    
   0.00000000    
   0.00000000    
   0.00000000    
   0.00000000    
   0.00000000    
   26.0614834    
   29.0886421    
   32.9416733    
   40.1052971    
   42.1161232    
   42.4624405    
   45.2392921    
   45.7568779    
   47.6497841    
   48.2405014    
   48.5143127    
   48.9353447    
   50.4482536    
   50.8963280    
   51.2825127    
   49.2979965    
   0.00000000    
   0.00000000    
   0.00000000    
   0.00000000    
   0.00000000    
   0.00000000    
   0.00000000    
   0.00000000    
   52.4551163    
   49.4380455    
   47.8544731    
   52.9050636    
   52.9989929    
   51.3411217    
   54.1195908    
   53.8815536    
   54.8951836    
   55.4148979    
   56.7214127    
   57.7862816    
   59.9771233    
   61.5950470    
   61.5538139    
   51.7179298    
   0.00000000    
   0.00000000    
   0.00000000    
   0.00000000    
   0.00000000    
   0.00000000    
   0.00000000    
   0.00000000    
   20.4959564    
   21.2800560    
   22.2768936    
   35.5838013    
   39.1155586    
   39.8449783    
   46.3618050    
   47.5544014    
   51.6455498    
   51.8406067    
   51.5606041    
   51.5036964    
   53.4456596    
   54.1086922    
   51.2964134    
   35.3977737    
   0.00000000    
   0.00000000    
   0.00000000    
   0.00000000    
   0.00000000    
   0.00000000    
   0.00000000    
   0.00000000    
   17.6680164    
   18.6854877    
   19.4628601    
   24.7367802    
   26.4886932    
   26.9526043    
   29.7357101    
   29.8084412    
   32.6730614    
   32.6056824    
   31.7917709    
   31.2989750    
   33.4173660    
   34.7428474    
   36.0839043    
   36.9397659    
   38.5199509    
   39.4332390    
   41.9150047    
   43.8787766    
   45.0150948    
   45.4522591    
   45.8150139    
   46.4144669    
   48.8472672    
   48.5115242    
   47.8943558    
   50.4341850    
   50.3387604    
   49.8605690    
   51.1169472    
   51.1652107    
   52.5166092    
   53.2158661    
   54.1740341    
   54.9255028    
   57.7031059    
   59.0273056    
   59.2439880    
   55.1462898    
   53.9608345    
   53.2817192    
   46.7567368    
   43.4536743    
   36.8311615    
   35.2685013    
   35.5513000    
   35.9136772    
   36.2810822    
   36.4586983    
   37.0599747    
   42.2347603    
   43.1176376    
   44.2822952    
   49.2762604    
   51.8374901    
   55.0093384    
   56.6641769    
   57.4536247    
   57.9677277    
   59.8314362    
   60.0050964    
   58.9248238    
   44.6805496    
   0.00000000    
   0.00000000    
   0.00000000    
   0.00000000    
   0.00000000    
   0.00000000    
   0.00000000    
   0.00000000    
   21.7273998    
   23.0199604    
   24.4369564    
   31.9753456    
   34.9670868    
   35.1789703    
   39.6788216    
   40.4902229    
   41.4700241    
   42.0184937    
   42.4901924    
   43.1373940    
   43.9196129    
   44.7686539    
   45.0717125    
   36.0180244    
   0.00000000    
   0.00000000    
   0.00000000    
   0.00000000    
   0.00000000    
   0.00000000    
   0.00000000    
   0.00000000    
   7.76793814    
   7.68643522    
   8.56352711    
   18.2722282    
   20.1771641    
   19.9194717    
   23.9017086    
   25.6922112    
   31.2726898    
   32.9404716    
   33.1399460    
   34.3577118    
   36.1917419    
   36.7976379    
   36.1757240    
   25.8735676    
   0.00000000    
   0.00000000    
   0.00000000    
   0.00000000    
   0.00000000    
   0.00000000    
   0.00000000    
   0.00000000    
   0.00000000    
   0.00000000    
   0.00000000    
   4.77904034    
   6.15211725    
   6.71286917    
   10.6047020    
   11.5464277    
   15.3554077    
   16.4486465    
   16.5054989    
   16.1032619    
   18.7522125    
   21.3142452    
   23.9858112    
   23.3366928    
   0.00000000    
   0.00000000    
   0.00000000    
   0.00000000    
   0.00000000    
   0.00000000    
   0.00000000    
   0.00000000    
   29.0902805    
   27.3093510    
   25.6760426    
   28.3761654    
   28.3008327    
   27.7920704    
   30.5384369    
   30.8681335    
   34.6278801    
   34.7510452    
   35.4959488    
   35.3075829    
   33.7714272    
   32.5841789    
   31.8977737    
   26.1641407    
   0.00000000    
   0.00000000    
   0.00000000    
   0.00000000    
   0.00000000    
   0.00000000    
   0.00000000    
   0.00000000    
   16.2018967    
   16.5876675    
   15.9081249    
   21.5647221    
   20.3996754    
   22.5191994    
   27.9253120    
   26.0978432    
   35.0836258    
   35.5975113    
   36.7399025    
   36.4590797    
   34.8804779    
   34.8459816    
   36.0439110    
   22.3530216    
   17.7759628    
   15.7454243    
   7.16474438    
   5.30610847    
   0.00000000    
   0.00000000    
   0.00000000    
   0.00000000    
   0.00000000    
   0.00000000    
   0.00000000    
   9.66733074    
   13.8488140    
   14.3969345    
   19.9128819    
   21.3130493    
   22.9809246    
   22.8948135    
   23.5296001    
   24.1595173    
   24.2110748    
   22.4642277    
   20.7834606    
   11.8403606    
   9.88845444    
   9.92240906    
   4.06211233    
   0.00000000    
   0.00000000    
   0.00000000    
   0.00000000    
   3.44504476    
   6.90357208    
   7.94712067    
   8.06259823    
   10.9644890    
   11.0480289    
   10.7454433    
   11.9313374    
   12.0634251    
   12.2761326    
   11.7496557    
   11.3243322    
   10.9812889    
   11.7455635    
   13.4535475    
   14.1082535    
   8.08794022    
   0.00000000    
   0.00000000    
   0.00000000    
   0.00000000    
   0.00000000    
   0.00000000    
   0.00000000    
   0.00000000    
   0.00000000    
   0.00000000    
   0.00000000    
   0.00000000    
   0.00000000    
   0.00000000    
   0.00000000    
  0.521140635    
   2.89914870    
   2.63707900    
   2.53201604    
   1.65234041    
   3.95619512    
   5.76263237    
   5.48960161    
   0.00000000    
   0.00000000    
   0.00000000    
   0.00000000    
   0.00000000    
   0.00000000    
   0.00000000    
   0.00000000    
   0.00000000    
   0.00000000    
   0.00000000    
   0.00000000    
   0.00000000    
   0.00000000    
   0.00000000    
   0.00000000    
   0.00000000    
  0.477040619    
   2.27704787    
   3.41839910    
   4.50133419    
   7.54319763    
   9.78645992    
   10.8736506    
   5.57523537    
   0.00000000    
   0.00000000    
   0.00000000    
   0.00000000    
   0.00000000    
   0.00000000    
   0.00000000    
   0.00000000    
   1.84049606    
   3.83957982    
   4.39790106    
   11.0984297    
   13.4988556    
   15.1788549    
   22.4468441    
   24.4462318    
   31.0338459    
   33.5408859    
   35.9436378    
   37.3391304    
   40.6251488    
   39.8098259    
   38.3067780    
   27.3566246    
   0.00000000    
   0.00000000    
   0.00000000    
   0.00000000    
   0.00000000    
   0.00000000    
   0.00000000    
   0.00000000    
   10.8422575    
   10.3028049    
   11.0173292    
   18.5077019    
   18.8062992    
   21.4401779    
   29.0453835    
   33.0216942    
   32.8271332    
   34.6114998    
   37.9478989    
   39.5434837    
   41.1106529    
   41.6991081    
   40.1635704    
   26.0305367    
   0.00000000    
   0.00000000    
   0.00000000    
   0.00000000    
   0.00000000    
   0.00000000    
   0.00000000    
   0.00000000    
   3.17571425    
   3.59201026    
   4.39881039    
   14.4298010    
   17.8717403    
   19.8986244    
   27.1168709    
   29.8669930    
   34.3840103    
   36.2495689    
   37.6530304    
   38.8826599    
   40.6728096    
   41.2344284    
   40.7338142    
   30.3016205    
   27.2442112    
   24.9986229    
   20.0062504    
   19.1162014    
   15.6862535    
   16.0176792    
   15.8946123    
   14.1148930    
   13.4970694    
   14.4636793    
   15.3328218    
   26.7957020    
   29.1019115    
   29.1404190    
   36.8104324    
   38.2053566    
   42.0444412    
   44.6356888    
   45.6850777    
   48.4887352    
   47.7053223    
   46.1438026    
   42.9338264    
   17.8418636    
   11.1689291    
   8.95257950    
   3.16404772    
   1.25133514    
   0.00000000    
   0.00000000    
   0.00000000    
   0.00000000    
   0.00000000    
   0.00000000    
   0.00000000    
   3.95910692    
   5.57596445    
   5.90623045    
   11.3513269    
   12.5003567    
   17.5097733    
   18.9535866    
   19.7439747    
   21.1538582    
   23.2655792    
   23.8884888    
   23.4143372    
   7.04031420    
   0.00000000    
   0.00000000    
   0.00000000    
   0.00000000    
   0.00000000    
   0.00000000    
   0.00000000    
   0.00000000    
   0.00000000    
   0.00000000    
   0.00000000    
   0.00000000    
   0.00000000    
   0.00000000    
   2.96247077    
   3.87741089    
   7.55728865    
   8.99098778    
   10.2735186    
   11.3029232    
   11.8283892    
   11.2968044    
   10.4495649    
   0.00000000    
   0.00000000    
   0.00000000    
   0.00000000    
   0.00000000    
   0.00000000    
   0.00000000    
   0.00000000    
   0.00000000    
   0.00000000    
   0.00000000    
   0.00000000    
   0.00000000    
   0.00000000    
   0.00000000    
   0.00000000    
   0.00000000    
   2.96609259    
   7.10272932    
   9.08445168    
   8.81034660    
   10.5266027    
   9.85880947    
   9.04392910    
   3.23754644    
   0.00000000    
   0.00000000    
   0.00000000    
   0.00000000    
   0.00000000    
   0.00000000    
   0.00000000    
   0.00000000    
   1.18817651    
   3.75442100    
   5.20069551    
   13.2808390    
   16.1582527    
   17.4365883    
   23.3423004    
   24.6799908    
   30.3042946    
   32.4927025    
   33.5334663    
   34.3856354    
   34.4687538    
   34.3585434    
   32.9568176    
   18.8101540    
   0.00000000    
   0.00000000    
   0.00000000    
   0.00000000    
   0.00000000    
   0.00000000    
   0.00000000    
   0.00000000    
   0.00000000    
   0.00000000    
   0.00000000    
   10.4187651    
   14.8075485    
   15.6735468    
   23.1112938    
   23.1212883    
   26.7311172    
   27.3173866    
   27.5682468    
   27.7029667    
   24.5944557    
   24.0169544    
   23.5653820    
   4.91981745    
   0.00000000    
   0.00000000    
   0.00000000    
   0.00000000    
   0.00000000    
   0.00000000    
   0.00000000    
   0.00000000    
   0.00000000    
   0.00000000    
   0.00000000    
   0.00000000    
   0.00000000    
   0.00000000    
   1.98718393    
   4.78914261    
   6.72829103    
   7.85887861    
   8.81913090    
   9.65080929    
   9.13479519    
   8.75880337    
   6.49184752    
   0.00000000    
   0.00000000    
   0.00000000    
   0.00000000    
   0.00000000    
   0.00000000    
   0.00000000    
   0.00000000    
   0.00000000    
   0.00000000    
   0.00000000    
   0.00000000    
   0.00000000    
   0.00000000    
   0.00000000    
   0.00000000    
   0.00000000    
   0.00000000    
   0.00000000    
   0.00000000    
   0.00000000    
   0.00000000    
   0.00000000    
   0.00000000    
   0.00000000    
   0.00000000    
   0.00000000    
   0.00000000    
   0.00000000    
   0.00000000    
   0.00000000    
   0.00000000    
   0.00000000    
   0.00000000    
   0.00000000    
   0.00000000    
   0.00000000    
   0.00000000    
   0.00000000    
   0.00000000    
   0.00000000    
   0.00000000    
   0.00000000    
   0.00000000    
   0.00000000    
   0.00000000    
   0.00000000    
   0.00000000    
   0.00000000    
   0.00000000    
   0.00000000    
   0.00000000    
   0.00000000    
   0.00000000    
   0.00000000    
   0.00000000    
   0.00000000    
   0.00000000    
   0.00000000    
   0.00000000    
   0.00000000    
  0.513966918    
   2.22471452    
   8.74945354    
   10.8925161    
   14.6013479    
   16.3432693    
   17.6278191    
   18.5513687    
   18.7650719    
   18.4116192    
   16.7021217    
   4.62173462    
   0.00000000    
   0.00000000    
   0.00000000    
   0.00000000    
   0.00000000    
   0.00000000    
   0.00000000    
   0.00000000    
   0.00000000    
   0.00000000    
   0.00000000    
   0.00000000    
   0.00000000    
   0.00000000    
   1.99355030    
   3.30080462    
   5.65398741    
   7.32412338    
   8.97903061    
   9.84700298    
   10.7304449    
   11.0483150    
   11.1959782    
  0.700560689    
   0.00000000    
   0.00000000    
   0.00000000    
   0.00000000    
   0.00000000    
   0.00000000    
   0.00000000    
   0.00000000    
   0.00000000    
   0.00000000    
   0.00000000    
   0.00000000    
   0.00000000    
   0.00000000    
   0.00000000    
   2.92731404    
   7.01070595    
   7.66391754    
   7.84397554    
   8.66431808    
   5.20645142    
   2.71937490    
  0.729295969    
   0.00000000    
   0.00000000    
   0.00000000    
   0.00000000    
   0.00000000    
   0.00000000    
   0.00000000    
   0.00000000    
   0.00000000    
   0.00000000    
   0.00000000    
   0.00000000    
   0.00000000    
   0.00000000    
   0.00000000    
   0.00000000    
   0.00000000    
   0.00000000    
   0.00000000    
   0.00000000    
   0.00000000    
   0.00000000    
   0.00000000    
   0.00000000    
   0.00000000    
   0.00000000    
   0.00000000    
   0.00000000    
   0.00000000    
   0.00000000    
   0.00000000    
   0.00000000    
   0.00000000    
   0.00000000    
   0.00000000    
   0.00000000    
   0.00000000    
   0.00000000    
   0.00000000    
   0.00000000    
   0.00000000    
   0.00000000    
   0.00000000    
   0.00000000    
   0.00000000    
   0.00000000    
   0.00000000    
   0.00000000    
   0.00000000    
   0.00000000    
   0.00000000    
   0.00000000    
   0.00000000    
   0.00000000    
   0.00000000    
   0.00000000    
   0.00000000    
   0.00000000    
   0.00000000    
   0.00000000    
   0.00000000    
   0.00000000    
   0.00000000    
   0.00000000    
   0.00000000    
   0.00000000    
   0.00000000    
   0.00000000    
   0.00000000    
   0.00000000    
   0.00000000    
   0.00000000    
   0.00000000    
   0.00000000    
   0.00000000    
   0.00000000    
   0.00000000    
   0.00000000    
   0.00000000    
   0.00000000    
   0.00000000    
   0.00000000    
   0.00000000    
   0.00000000    
   0.00000000    
   0.00000000    
   0.00000000    
   0.00000000    
   0.00000000    
   0.00000000    
   0.00000000    
   0.00000000    
   0.00000000    
   0.00000000    
   0.00000000    
   0.00000000    
   0.00000000    
   0.00000000    
   0.00000000    
   0.00000000    
   0.00000000    
   0.00000000    
   0.00000000    
   0.00000000    
   0.00000000    
   0.00000000    
   0.00000000    
   0.00000000    
   0.00000000    
   0.00000000    
   0.00000000    
   0.00000000    
   0.00000000    
   0.00000000    
   0.00000000    
   0.00000000    
   0.00000000    
   0.00000000    
   0.00000000    
   0.00000000    
   0.00000000    
   0.00000000    
   0.00000000    
   0.00000000    
   0.00000000    
   0.00000000    
   0.00000000    
   0.00000000    
   0.00000000    
   0.00000000    
   0.00000000    
   0.00000000    
   0.00000000    
   0.00000000    
   0.00000000    
   0.00000000    
   0.00000000    
   0.00000000    
   0.00000000    
   0.00000000    
   0.00000000    
   0.00000000    
   0.00000000    
   0.00000000    
   0.00000000    
   0.00000000    
   0.00000000    
   0.00000000    
   0.00000000    
   0.00000000    
   0.00000000    
   0.00000000    
   0.00000000    
   0.00000000    
   0.00000000    
   0.00000000    
   0.00000000    
   0.00000000    
   0.00000000    
   0.00000000    
   0.00000000    
   0.00000000    
   0.00000000    
   0.00000000    
   0.00000000    
   0.00000000    
   0.00000000    
   0.00000000    
   0.00000000    
   0.00000000    
   0.00000000    
   0.00000000    
   0.00000000    
   0.00000000    
   0.00000000    
   0.00000000    
   0.00000000    
   0.00000000    
   0.00000000    
   0.00000000    
   0.00000000    
   0.00000000    
   0.00000000    
   0.00000000    
   0.00000000    
   0.00000000    
   0.00000000    
  0.181914434    
   2.42895770    
   3.16007829    
   2.04371142    
  0.685365498    
   0.00000000    
   0.00000000    
   0.00000000    
   0.00000000    
   0.00000000    
   0.00000000    
   0.00000000    
   0.00000000    
   0.00000000    
   0.00000000    
   0.00000000    
   0.00000000    
   0.00000000    
   0.00000000    
   0.00000000    
   0.00000000    
  0.388285339    
   8.94258308    
   11.5588045    
   13.3711967    
   14.3816757    
   9.24691105    
   6.74190950    
   3.00324774    
   0.00000000    
   0.00000000    
   0.00000000    
   0.00000000    
   0.00000000    
   0.00000000    
   0.00000000    
   0.00000000    
   0.00000000    
   0.00000000    
   0.00000000    
   0.00000000    
   0.00000000    
   0.00000000    
   0.00000000    
   0.00000000    
   0.00000000    
   0.00000000    
   0.00000000    
   0.00000000    
   0.00000000    
   0.00000000    
   0.00000000    
   0.00000000    
   0.00000000    
   0.00000000    
   0.00000000    
   0.00000000    
   0.00000000    
   0.00000000    
   0.00000000    
   0.00000000    
   0.00000000    
   0.00000000    
   0.00000000    
   0.00000000    
   0.00000000    
   0.00000000    
   0.00000000    
   0.00000000    
   0.00000000    
   2.97498488    
   5.04400063    
   6.40614843    
   8.54549885    
   7.38657236    
   7.25252390    
   6.57206249    
   0.00000000    
   0.00000000    
   0.00000000    
   0.00000000    
   0.00000000    
   0.00000000    
   0.00000000    
   0.00000000    
   0.00000000    
   0.00000000    
   0.00000000    
   0.00000000    
   0.00000000    
   0.00000000    
   0.00000000    
   0.00000000    
   0.00000000    
   0.00000000    
   0.00000000    
   0.00000000    
   0.00000000    
   0.00000000    
   0.00000000    
   0.00000000    
   0.00000000    
   0.00000000    
   0.00000000    
   0.00000000    
   0.00000000    
   0.00000000    
   0.00000000    
   0.00000000    
   0.00000000    
   0.00000000    
   0.00000000    
   0.00000000    
   0.00000000    
   0.00000000    
   0.00000000    
   3.26263857    
   4.80072451    
   8.75456047    
   10.2198792    
   13.4989767    
   14.1602631    
   12.9547548    
   12.1034327    
   11.2843370    
   2.16385317    
   0.00000000    
   0.00000000    
   0.00000000    
   0.00000000    
   0.00000000    
   0.00000000    
   0.00000000    
   0.00000000    
   0.00000000    
   0.00000000    
   0.00000000    
   0.00000000    
   0.00000000    
   0.00000000    
   0.00000000    
   0.00000000    
   2.55704665    
   5.35227060    
   6.68419313    
   7.68512726    
   5.96048164    
   4.99574041    
   1.96998179    
   0.00000000    
   0.00000000    
   0.00000000    
   0.00000000    
   0.00000000    
   0.00000000    
   0.00000000    
   0.00000000    
   0.00000000    
   0.00000000    
   0.00000000    
   0.00000000    
   0.00000000    
   0.00000000    
   0.00000000    
   0.00000000    
   0.00000000    
   0.00000000    
   0.00000000    
   0.00000000    
   0.00000000    
   0.00000000    
   0.00000000    
   0.00000000    
   0.00000000    
   0.00000000    
   0.00000000    
   0.00000000    
   0.00000000    
   0.00000000    
   0.00000000    
   0.00000000    
   0.00000000    
   0.00000000    
   0.00000000    
   0.00000000    
   0.00000000    
   0.00000000    
   0.00000000    
   0.00000000    
   0.00000000    
   0.00000000    
   0.00000000    
   0.00000000    
   0.00000000    
   0.00000000    
   0.00000000    
   0.00000000    
   0.00000000    
   0.00000000    
   0.00000000    
   0.00000000    
   0.00000000    
   0.00000000    
   0.00000000    
   0.00000000    
   0.00000000    
   0.00000000    
   0.00000000    
   0.00000000    
   0.00000000    
   0.00000000    
   0.00000000    
   0.00000000    
   0.00000000    
   1.59164429    
   3.13182831    
   4.51954317    
   5.17203045    
   3.44283223    
   1.70321155    
  0.540678263    
   0.00000000    
   0.00000000    
   0.00000000    
   0.00000000    
   0.00000000    
   0.00000000    
   0.00000000    
   0.00000000    
   0.00000000    
   0.00000000    
   0.00000000    
   0.00000000    
   0.00000000    
   0.00000000    
   0.00000000    
   0.00000000    
   0.00000000    
   1.17748690    
   3.91045475    
   4.43290710    
   4.77941322    
   0.00000000    
   0.00000000    
   0.00000000    
   0.00000000    
   0.00000000    
   0.00000000    
   0.00000000    
   0.00000000    
   0.00000000    
   0.00000000    
   0.00000000    
   0.00000000    
   0.00000000    
   0.00000000    
   0.00000000    
   0.00000000    
   0.00000000    
   0.00000000    
   0.00000000    
   0.00000000    
   0.00000000    
   0.00000000    
   0.00000000    
   0.00000000    
   0.00000000    
   0.00000000    
   0.00000000    
   0.00000000    
   0.00000000    
   0.00000000    
   0.00000000    
   0.00000000    
   0.00000000    
   0.00000000    
   0.00000000    
   0.00000000    
   0.00000000    
   0.00000000    
   0.00000000    
   0.00000000    
   0.00000000    
   0.00000000    
   0.00000000    
   0.00000000    
   0.00000000    
   0.00000000    
   0.00000000    
   0.00000000    
   0.00000000    
   0.00000000    
   0.00000000    
   0.00000000    
   0.00000000    
   0.00000000    
   0.00000000    
   0.00000000    
   0.00000000    
   0.00000000    
   0.00000000    
   0.00000000    
   0.00000000    
   0.00000000    
   0.00000000    
   0.00000000    
   0.00000000    
   0.00000000    
   0.00000000    
   0.00000000    
   0.00000000    
   0.00000000    
   0.00000000    
   0.00000000    
   0.00000000    
   0.00000000    
   0.00000000    
   0.00000000    
   0.00000000    
   0.00000000    
   0.00000000    
   0.00000000    
   0.00000000    
   0.00000000    
   0.00000000    
   0.00000000    
   0.00000000    
   0.00000000    
   0.00000000    
   0.00000000    
   0.00000000    
   0.00000000    
   0.00000000    
   0.00000000    
   0.00000000    
   0.00000000    
   0.00000000    
   0.00000000    
   0.00000000    
   0.00000000    
   0.00000000    
   0.00000000    
   0.00000000    
   0.00000000    
   0.00000000    
   0.00000000    
   0.00000000    
   0.00000000    
   0.00000000    
   0.00000000    
   0.00000000    
   0.00000000    
   0.00000000    
   0.00000000    
   0.00000000    
   0.00000000    
   0.00000000    
   0.00000000    
   0.00000000    
   0.00000000    
   0.00000000    
   0.00000000    
   0.00000000    
   0.00000000    
   0.00000000    
   0.00000000    
   0.00000000    
   0.00000000    
   0.00000000    
   0.00000000    
   0.00000000    
   0.00000000    
   0.00000000    
   0.00000000    
   0.00000000    
   0.00000000    
   0.00000000    
   0.00000000    
   0.00000000    
   0.00000000    
   0.00000000    
   0.00000000    
   0.00000000    
   0.00000000    
   0.00000000    
   0.00000000    
   0.00000000    
   0.00000000    
   0.00000000    
   0.00000000    
   0.00000000    
   0.00000000    
   0.00000000    
   0.00000000    
   0.00000000    
   0.00000000    
   0.00000000    
   0.00000000    
   0.00000000    
   0.00000000    
   0.00000000    
   0.00000000    
   0.00000000    
   0.00000000    
   0.00000000    
   0.00000000    
   0.00000000    
   0.00000000    
   0.00000000    
   0.00000000    
   0.00000000    
   0.00000000    
   0.00000000    
   0.00000000    
   0.00000000    
   0.00000000    
   0.00000000    
   0.00000000    
   0.00000000    
   0.00000000    
   0.00000000    
   0.00000000    
   0.00000000    
   0.00000000    
   0.00000000    
   0.00000000    
   0.00000000    
   0.00000000    
   0.00000000    
   0.00000000    
   0.00000000    
   0.00000000    
   0.00000000    
   0.00000000    
   0.00000000    
   0.00000000    
   0.00000000    
   0.00000000    
   0.00000000    
   0.00000000    
   0.00000000    
   0.00000000    
   0.00000000    
   0.00000000    
   0.00000000    
   0.00000000    
   0.00000000    
   0.00000000    
   0.00000000    
   0.00000000    
   0.00000000    
   0.00000000    
   0.00000000    
   0.00000000    
   0.00000000    
   0.00000000    
   0.00000000    
   0.00000000    
   0.00000000    
   0.00000000    
   0.00000000    
   0.00000000    
   0.00000000    
   0.00000000    
   0.00000000    
   0.00000000    
   0.00000000    
   0.00000000    
   0.00000000    
   0.00000000    
   0.00000000    
   0.00000000    
   0.00000000    
   0.00000000    
   0.00000000    
   0.00000000    
   0.00000000    
   0.00000000    
   0.00000000    
   0.00000000    
   0.00000000    
   0.00000000    
   0.00000000    
   0.00000000    
   0.00000000    
   0.00000000    
   0.00000000    
   0.00000000    
   0.00000000    
   0.00000000    
   0.00000000    
   0.00000000    
   0.00000000    
   0.00000000    
   0.00000000    
   0.00000000    
   0.00000000    
   0.00000000    
   0.00000000    
   0.00000000    
   0.00000000    
   0.00000000    
   0.00000000    
   0.00000000    
   0.00000000    
   0.00000000    
   0.00000000    
   0.00000000    
   0.00000000    
   0.00000000    
   0.00000000    
   0.00000000    
   0.00000000    
   0.00000000    
   0.00000000    
   0.00000000    
   0.00000000    
   0.00000000    
   0.00000000    
   0.00000000    
   0.00000000    
   0.00000000    
   0.00000000    
   0.00000000    
   0.00000000    
   0.00000000    
   0.00000000    
   0.00000000    
   0.00000000    
   0.00000000    
   0.00000000    
   0.00000000    
   0.00000000    
   0.00000000    
   0.00000000    
   0.00000000    
   0.00000000    
   0.00000000    
   0.00000000    
   0.00000000    
   0.00000000    
   0.00000000    
   0.00000000    
   0.00000000    
   0.00000000    
   0.00000000    
   0.00000000    
   0.00000000    
   0.00000000    
   0.00000000    
   0.00000000    
   0.00000000    
   0.00000000    
   0.00000000    
   0.00000000    
   0.00000000    
   0.00000000    
   0.00000000    
   0.00000000    
   0.00000000    
   0.00000000    
   0.00000000    
   0.00000000    
   0.00000000    
   0.00000000    
   0.00000000    
   0.00000000    
   0.00000000    
   0.00000000    
   0.00000000    
   0.00000000    
   0.00000000    
   0.00000000    
   0.00000000    
   0.00000000    
   0.00000000    
   0.00000000    
   0.00000000    
   0.00000000    
   0.00000000    
   0.00000000    
   0.00000000    
   0.00000000    
   0.00000000    
   0.00000000    
   0.00000000    
   0.00000000    
   0.00000000    
   0.00000000    
   0.00000000    
   0.00000000    
   0.00000000    
   0.00000000    
   0.00000000    
   0.00000000    
   0.00000000    
   0.00000000    
   0.00000000    
   0.00000000    
   0.00000000    
   0.00000000    
   0.00000000    
   0.00000000    
   0.00000000    
   0.00000000    
   0.00000000    
   0.00000000    
   0.00000000    
   0.00000000    
   0.00000000    
   0.00000000    
   0.00000000    
   0.00000000    
   0.00000000    
   0.00000000    
   0.00000000    
   0.00000000    
   0.00000000    
   0.00000000    
   0.00000000    
   0.00000000    
   0.00000000    
   0.00000000    
   0.00000000    
   0.00000000    
   0.00000000    
   0.00000000    
   0.00000000    
   0.00000000    
   0.00000000    
   0.00000000    
   0.00000000    
   0.00000000    
   0.00000000    
   0.00000000    
   0.00000000    
   0.00000000    
   0.00000000    
   0.00000000    
   0.00000000    
   0.00000000    
   0.00000000    
   0.00000000    
   0.00000000    
   0.00000000    
   0.00000000    
   0.00000000    
   0.00000000    
   0.00000000    
   0.00000000    
   0.00000000    
   0.00000000    
   0.00000000    
   0.00000000    
   0.00000000    
   0.00000000    
   0.00000000    
   0.00000000    
   0.00000000    
   0.00000000    
   0.00000000    
   0.00000000    
   0.00000000    
   0.00000000    
   0.00000000    
   0.00000000    
   0.00000000    
   0.00000000    
   0.00000000    
   0.00000000    
   0.00000000    
   0.00000000    
   0.00000000    
   0.00000000    
   0.00000000    
   0.00000000    
   0.00000000    
   0.00000000    
   0.00000000    
   0.00000000    
   0.00000000    
   0.00000000    
   0.00000000    
   0.00000000    
   0.00000000    
   0.00000000    
   0.00000000    
   0.00000000    
   0.00000000    
   0.00000000    
   0.00000000    
   0.00000000    
   0.00000000    
   0.00000000    
   0.00000000    
   0.00000000    
   0.00000000    
   0.00000000    
   0.00000000    
   0.00000000    
   0.00000000    
   0.00000000    
   0.00000000    
   0.00000000    
   0.00000000    
   0.00000000    
   0.00000000    
   0.00000000    
   0.00000000    
   0.00000000    
   0.00000000    
   0.00000000    
   0.00000000    
   0.00000000    
   0.00000000    
   0.00000000    
   0.00000000    
   0.00000000    
   0.00000000    
   0.00000000    
   0.00000000    
   0.00000000    
   0.00000000    
   0.00000000    
   0.00000000    
   0.00000000    
   0.00000000    
   0.00000000    
   0.00000000    
   0.00000000    
   0.00000000    
   0.00000000    
   0.00000000    
   0.00000000    
   0.00000000    
   0.00000000    
   0.00000000    
   0.00000000    
   0.00000000    
   0.00000000    
   0.00000000    
   0.00000000    
   0.00000000    
   0.00000000    
   0.00000000    
   0.00000000    
   0.00000000    
   0.00000000    
   0.00000000    
   0.00000000    
   0.00000000    
   0.00000000    
   0.00000000    
   0.00000000    
   0.00000000    
   0.00000000    
   0.00000000    
   0.00000000    
   0.00000000    
   0.00000000    
   0.00000000    
   0.00000000    
   0.00000000    
   0.00000000    
   0.00000000    
   0.00000000    
   0.00000000    
   0.00000000    
   0.00000000    
   0.00000000    
   0.00000000    
   0.00000000    
   0.00000000    
   0.00000000    
   0.00000000    
   0.00000000    
   0.00000000    
   0.00000000    
   0.00000000    
   0.00000000    
   0.00000000    
   0.00000000    
   0.00000000    
   0.00000000    
   0.00000000    
   0.00000000    
   0.00000000    
   0.00000000    
   0.00000000    
   0.00000000    
   0.00000000    
   0.00000000    
   0.00000000    
   0.00000000    
   0.00000000    
   0.00000000    
   0.00000000    
   0.00000000    
   0.00000000    
   0.00000000    
   0.00000000    
   0.00000000    
   0.00000000    
   0.00000000    
   0.00000000    
   0.00000000    
   0.00000000    
   0.00000000    
   0.00000000    
   0.00000000    
   0.00000000    
   0.00000000    
   0.00000000    
   0.00000000    
   0.00000000    
   0.00000000    
   0.00000000    
   0.00000000    
   0.00000000    
   0.00000000    
   0.00000000    
   0.00000000    
   0.00000000    
   0.00000000    
   0.00000000    
   0.00000000    
   0.00000000    
   0.00000000    
   0.00000000    
   0.00000000    
   0.00000000    
   0.00000000    
   0.00000000    
   0.00000000    
   0.00000000    
   0.00000000    
   0.00000000    
   0.00000000    
   0.00000000    
   0.00000000    
   0.00000000    
   0.00000000    
   0.00000000    
   0.00000000    
   0.00000000    
   0.00000000    
   0.00000000    
   0.00000000    
   0.00000000    
   0.00000000    
   0.00000000    
   0.00000000    
   0.00000000    
   0.00000000    
   0.00000000    
   0.00000000    
   0.00000000    
   0.00000000    
   0.00000000    
   0.00000000    
   0.00000000    
   0.00000000    
   0.00000000    
   0.00000000    
   0.00000000    
   0.00000000    
   0.00000000    
   0.00000000    
   0.00000000    
   0.00000000    
   0.00000000    
   0.00000000    
   0.00000000    
   0.00000000    
   0.00000000    
   0.00000000    
   0.00000000    
   0.00000000    
   0.00000000    
   0.00000000    
   0.00000000    
   0.00000000    
   0.00000000    
   0.00000000    
   0.00000000    
   0.00000000    
   0.00000000    
   0.00000000    
   0.00000000    
   0.00000000    
   0.00000000    
   0.00000000    
   0.00000000    
   0.00000000    
   0.00000000    
   0.00000000    
   0.00000000    
   0.00000000    
   0.00000000    
   0.00000000    
   0.00000000    
   0.00000000    
   0.00000000    
   0.00000000    
   0.00000000    
   0.00000000    
   0.00000000    
   0.00000000    
   0.00000000    
   0.00000000    
   0.00000000    
   0.00000000    
   0.00000000    
   0.00000000    
   0.00000000    
   0.00000000    
   0.00000000    
   0.00000000    
   0.00000000    
   0.00000000    
   0.00000000    
   0.00000000    
   0.00000000    
   0.00000000    
   0.00000000    
   0.00000000    
   0.00000000    
   0.00000000    
   0.00000000    
   0.00000000    
   0.00000000    
   0.00000000    
   0.00000000    
   0.00000000    
   0.00000000    
   0.00000000    
   0.00000000    
   0.00000000    
   0.00000000    
   0.00000000    
   0.00000000    
   0.00000000    
   0.00000000    
   0.00000000    
   0.00000000    
   0.00000000    
   0.00000000    
   0.00000000    
   0.00000000    
   0.00000000    
   0.00000000    
   0.00000000    
   0.00000000    
   0.00000000    
   0.00000000    
   0.00000000    
   0.00000000    
   0.00000000    
   0.00000000    
   0.00000000    
   0.00000000    
   0.00000000    
   0.00000000    
   0.00000000    
   0.00000000    
   0.00000000    
   0.00000000    
   0.00000000    
   0.00000000    
   0.00000000    
   0.00000000    
   0.00000000    
   0.00000000    
   0.00000000    
   0.00000000    
   0.00000000    
   0.00000000    
   0.00000000    
   0.00000000    
   0.00000000    
   0.00000000    
   0.00000000    
   0.00000000    
   0.00000000    
   0.00000000    
   0.00000000    
   0.00000000    
   0.00000000    
   0.00000000    
   0.00000000    
   0.00000000    
   0.00000000    
   0.00000000    
   0.00000000    
   0.00000000    
   0.00000000    
   0.00000000    
