   18.5915585    
   17.6257458    
   16.9939995    
   16.4612560    
   15.6029272    
   14.5585985    
   15.8730116    
   19.7103100    
   22.1889915    
   27.3512897    
   26.6669445    
   24.0136700    
   20.2337513    
   18.4938755    
   18.0923634    
   17.1993504    
   18.0619469    
   16.2863216    
   14.0718565    
   16.5264645    
   18.9335365    
   25.3718796    
   22.4596291    
   17.8752117    
   15.1081877    
   17.2010002    
   15.9620275    
   14.6579027    
   16.7243061    
   17.3193741    
   17.6081810    
   21.2838249    
   23.6422539    
   25.4475060    
   24.7837601    
   19.3935966    
   14.1264791    
   10.5490818    
   9.15676117    
   8.22869778    
   7.75428772    
   7.20351791    
   7.42802525    
   7.16055489    
   7.46745396    
   6.27539301    
   6.41337729    
   6.47543764    
   6.53150845    
   6.67990398    
   6.81635380    
   7.03867674    
   7.20374775    
   7.60410213    
   9.44691372    
   14.4513302    
   18.8840351    
   19.1398335    
   18.0808887    
   14.1320171    
   9.74418068    
   7.12547302    
   6.77660608    
   6.87733173    
   6.99432850    
   6.82807064    
   6.68332005    
   6.93283033    
   7.03221464    
   6.89643002    
   6.56382799    
   6.27299404    
   6.29155445    
   6.24753618    
   6.23020601    
   6.39156818    
   6.31710243    
   6.51485538    
   8.69369984    
   11.6626987    
   15.2757444    
   15.5795403    
   15.1590738    
   12.9464502    
   8.66351700    
   6.22660303    
   5.91684628    
   5.89727926    
   5.92465687    
   6.45007038    
   5.75138855    
   5.53893232    
   5.61898518    
   5.43288803    
   5.70678616    
   6.00606203    
   6.40504313    
   6.55970192    
   6.90181684    
   7.70223188    
   7.11971569    
   7.51377583    
   8.78584099    
   10.8475132    
   12.8768854    
   12.5118351    
   11.5366278    
   10.5734091    
   7.54809332    
   5.22132397    
   5.31720543    
   5.31336784    
   4.19860697    
   3.85493445    
   4.06268787    
   3.13019085    
   3.66996813    
   2.36816597    
   2.40437508    
   2.77886343    
   3.83148742    
   3.89497709    
   4.25438881    
   4.36737251    
   4.34074736    
   4.68293381    
   5.69359779    
   7.78255463    
   10.7645159    
   12.2712936    
   13.7368422    
   11.9097891    
   7.40800953    
   3.22167015    
   1.68697536    
   2.19367671    
   4.62513018    
   6.17902231    
   2.28030801    
  0.921070576    
   1.19399571    
   4.58959961    
   6.51582146    
   5.59718847    
   5.53129148    
   6.56391716    
   5.83250570    
   5.36939430    
   7.88902998    
   8.70148182    
   11.1272287    
   17.7222881    
   22.8339310    
   23.7452183    
   21.3610878    
   15.8121109    
   10.5222998    
   8.85730267    
   8.21390438    
   8.20440578    
   7.33964825    
   6.31847095    
   5.91795444    
   5.65722561    
   4.96485472    
   5.99553442    
   5.99571562    
   5.57980871    
   5.16356373    
   5.22603464    
   5.09539127    
   5.03525591    
   5.16695690    
   4.98608637    
   7.17506123    
   10.9897051    
   15.9508724    
   16.0043716    
   16.5808868    
   13.3538275    
   9.22165966    
   6.23896217    
   5.90187979    
   6.11844015    
   6.47213364    
   6.70357084    
   6.09979296    
   5.75195789    
   6.34694910    
   6.95286608    
   6.91441298    
   5.82529402    
   4.92351770    
   5.20371962    
   5.60357952    
   6.43162441    
   8.23487377    
   9.51317215    
   11.8529205    
   14.8503199    
   17.8513279    
   16.8839340    
   16.4974022    
   15.4216366    
   11.7813368    
   8.49998856    
   8.15056896    
   7.95044613    
   7.14862299    
   6.82972717    
   7.01105881    
   7.27664137    
   7.22682571    
   6.74268389    
   6.53303862    
   6.71584606    
   6.87061644    
   6.69291258    
   6.68260098    
   6.80144024    
   6.71057463    
   6.71569157    
   7.96745920    
   9.76480103    
   13.0509043    
   17.2632046    
   16.8688068    
   14.6383600    
   10.4769211    
   7.99677992    
   7.30508471    
   7.38303232    
   8.27194691    
   8.25067997    
   8.27488899    
   8.99449253    
   7.62545252    
   7.81803274    
   6.20253706    
   5.85979080    
   6.34760714    
   9.41344357    
   9.22261524    
   9.75072098    
   11.8921432    
   11.1975870    
   12.0515566    
   17.1805897    
   21.7075863    
   22.8441982    
   21.0114098    
   18.0568123    
   13.2462444    
   9.85546970    
   8.56494427    
   7.85425901    
   7.80586481    
   7.76671743    
   7.37058496    
   7.53999805    
   7.33096504    
   7.15786934    
   7.19864130    
   7.15074444    
   6.88091469    
   7.36859703    
   7.02491999    
   6.67293262    
   7.28529215    
   7.17925358    
   9.33381462    
   14.1505957    
   19.1137218    
   20.4818268    
   20.8062439    
   17.7635689    
   12.9922132    
   10.0554152    
   8.75890732    
   8.46125507    
   9.13346672    
   8.40061760    
   8.06020260    
   8.77273464    
   8.50779057    
   7.67092419    
   7.63276529    
   7.57128429    
   7.49230433    
   8.04130554    
   7.77958870    
   7.18703365    
   6.97626448    
   6.71863890    
   9.30502987    
   13.0091934    
   18.3081722    
   16.8031483    
   15.9221125    
   14.5872536    
   10.1046743    
   4.65471983    
   5.62695456    
   6.26390171    
   1.85219324    
   3.44365692    
   3.76909041    
  -1.06338620    
  0.315222681    
  -1.02765155    
  -1.38168287    
 -0.217033237    
   3.01108742    
  0.924613118    
   1.69508648    
   3.06307578    
  0.289128512    
  0.596308529    
   2.63979697    
   8.02705193    
   10.8354731    
   16.6890678    
   16.5408211    
   12.6655493    
   8.61818504    
   7.11517572    
   6.09087324    
   5.19898701    
   9.52931118    
   8.62038803    
   7.09958410    
   9.80862904    
   10.8393021    
   8.55127811    
   6.53139830    
   5.33434248    
   5.89748144    
   6.30365133    
   5.81124544    
   6.60453606    
   6.70802736    
   6.57727575    
   8.75015354    
   14.0543785    
   19.6048717    
   24.2441921    
   23.2348728    
   19.6980553    
   13.7930727    
   9.13787651    
   8.39971733    
   7.95484924    
   8.97345734    
   9.60416031    
   10.0868025    
   9.99648571    
   10.3963194    
   8.99068069    
   8.12619495    
   7.77715349    
   8.00828075    
   8.43688393    
   8.28940392    
   7.91064787    
   8.70418072    
   8.17598534    
   10.3152905    
   14.7421770    
   21.1646976    
   21.3464088    
   20.3002644    
   16.9230099    
   12.1572752    
   11.0775003    
   10.7309694    
   9.92056656    
   8.70498753    
   8.28454304    
   7.95789051    
   6.80468559    
   5.39052629    
   4.27065897    
   3.63339090    
   2.98873901    
   2.93492389    
   3.29440975    
   4.84145975    
   6.96669579    
   6.93764067    
   7.97394753    
   10.6248560    
   11.9210672    
   15.1908789    
   17.0854073    
   17.9106560    
   14.7145882    
   11.6713820    
   6.70471621    
   6.46209192    
   6.58914042    
   5.29697275    
   5.40710735    
   5.47642708    
   4.96185064    
   5.01755047    
   5.50852776    
   5.19495583    
   4.82751989    
   4.94454193    
   5.13631201    
   6.73140287    
   7.96335411    
   11.8161507    
   13.8274994    
   16.0674801    
   21.3681812    
   23.0884914    
   27.9667225    
   26.6031265    
   23.3235455    
   18.4730606    
   14.0719757    
   11.6280661    
   10.4764109    
   11.2516375    
   9.88681984    
   8.41475105    
   8.53216362    
   7.77680969    
   7.17540741    
   6.78184986    
   5.74374723    
   5.41271877    
   5.49607372    
   5.28198338    
   5.35149479    
   5.64159250    
   5.82692671    
   9.37053967    
   14.7528048    
   19.3900032    
   22.4249363    
   20.0186825    
   16.0703373    
   11.5443630    
   5.25660896    
   3.67591596    
   3.58791947    
   3.18109965    
   3.70516467    
   4.42207766    
   4.32530928    
   4.93653059    
   3.83260822    
   4.65078974    
   5.35924101    
   5.57805586    
   4.34238291    
   4.98706532    
   5.57277250    
   5.11839294    
   6.22185993    
   8.93677330    
   11.1615181    
   15.0980864    
   15.6848564    
   16.0075703    
   15.4391890    
   11.9155893    
   9.69986629    
   9.38973713    
   9.17700481    
   8.37418461    
   8.35562706    
   8.24796200    
   7.68184805    
   7.28241682    
   7.84741497    
   7.64485121    
   7.20665884    
   7.21171761    
   8.16639900    
   8.33206749    
   8.60726547    
   10.1581049    
   10.0780859    
   12.1327887    
   17.6075954    
   19.8825874    
   19.1925659    
   18.1901569    
   16.8248043    
   13.8231010    
   11.4878769    
   9.96779346    
   8.21091270    
   7.73188543    
   7.34480619    
   6.87278414    
   6.24038601    
   6.20683861    
   5.73804998    
   5.27465248    
   5.04521322    
   5.12120771    
   5.28725195    
   5.88691854    
   5.97948217    
   5.22233009    
   4.47029495    
   7.27474499    
   10.1940575    
   14.6476765    
   17.4182968    
   18.0449905    
   15.2063789    
   11.5228405    
   7.49437141    
   6.34260273    
   5.85406828    
   5.65237188    
   5.51972580    
   5.03583145    
   5.12576103    
   5.10532856    
   5.57928324    
   5.41504622    
   5.27168655    
   5.13232708    
   5.41995239    
   5.17065859    
   5.06710148    
   5.19569397    
   5.40059328    
   8.88973713    
   14.4229975    
   17.9757252    
   19.4034920    
   18.9981804    
   15.4429398    
   10.1968927    
   6.41245890    
   5.01591349    
   5.00400877    
   5.38063049    
   5.19744921    
   5.36918592    
   6.59183311    
   6.40973139    
   6.89810991    
   6.65167332    
   6.41317654    
   6.04588699    
   6.03213644    
   6.69959974    
   6.00884438    
   6.50929642    
   5.21623421    
   9.44243813    
   16.2447720    
   20.8880997    
   22.9184055    
   22.4321594    
   19.1767902    
   13.2916822    
   7.71756935    
   5.62649822    
   5.24850512    
   6.77841806    
   6.35199690    
   6.60633135    
   6.86707783    
   5.89429379    
   5.95729256    
   5.90387392    
   5.91958141    
   6.02356386    
   6.46629858    
   6.23683977    
   6.41790771    
   6.93345356    
   6.82060194    
   10.6405954    
   15.7158089    
   20.9957600    
   22.1902676    
   22.3203545    
   20.2071743    
   15.4313364    
   10.3487501    
   8.80891228    
   8.85301876    
   8.59728909    
   8.37163925    
   7.90118885    
   7.90667629    
   7.83948565    
   6.59904432    
   6.53254795    
   6.32662153    
   6.60980654    
   6.32700491    
   6.05701256    
   5.72299910    
   4.57226372    
   4.72704411    
   6.64211416    
   10.0065365    
   14.3963900    
   18.3536701    
   16.6896152    
   13.5502625    
   11.0548124    
   8.16825962    
   6.67768764    
   6.52376699    
   6.67433596    
   6.09117270    
   5.88303328    
   6.65851021    
   6.53314209    
   4.85428429    
   6.07116079    
   5.92542601    
   5.62705898    
   5.27430487    
   5.47524738    
   5.78551817    
   6.49308634    
   6.74432182    
   10.3670444    
   15.2184963    
   20.7054577    
   23.7667961    
   23.7404690    
   20.8424187    
   15.2838116    
   9.78614902    
   7.35208178    
   7.74716473    
   8.60532665    
   8.25879860    
   7.83088017    
   7.68742180    
   6.88454485    
   5.79220915    
   6.45508766    
   7.27476931    
   7.98841715    
   8.16741657    
   8.72378922    
   9.33724213    
   8.75150108    
   8.74035072    
   12.1856213    
   13.2778540    
   18.9997082    
   19.8006516    
   20.4489708    
   19.3074608    
   16.0838089    
   10.9330692    
   8.97433472    
   8.60565090    
   7.81632137    
   7.70479202    
   7.17090845    
   6.47045135    
   6.31764030    
   6.37160110    
   6.44713116    
   6.41756773    
   6.03799820    
   5.68421555    
   5.22437477    
   5.04214954    
   4.89839506    
   5.58501959    
   8.72212315    
   11.8654394    
   16.5596733    
   22.3214703    
   25.1513481    
   21.9466991    
   12.9072475    
   6.75977898    
   4.91320705    
   4.82864523    
   4.89115047    
   4.95903635    
   6.07143402    
   5.79937077    
   5.44865799    
   5.39632320    
   5.52690935    
   5.71506643    
   5.47795630    
   5.20048475    
   5.45596743    
   6.08511305    
   6.56884575    
   6.94674397    
   11.2381315    
   17.7754860    
   24.6855526    
   26.5654011    
   24.9186268    
   22.0088272    
   17.2750244    
   10.6945019    
   8.01591015    
   7.74810123    
   7.41736317    
   7.27097464    
   7.63144779    
   7.26295137    
   7.72395134    
   7.29917812    
   7.45369577    
   6.93321419    
   6.64856577    
   5.72836876    
   5.73080349    
   5.66948509    
   4.88199186    
   5.30040646    
   9.41217804    
   10.8987379    
   13.9774599    
   16.6918278    
   16.9822807    
   15.8861151    
   11.8539743    
   7.54771757    
   4.43801165    
   3.73728156    
   3.76877189    
   3.96435547    
   4.15820169    
   4.38812590    
   4.39561176    
   5.12324047    
   5.46191978    
   5.34386396    
   5.35631990    
   4.87784100    
   4.58984709    
   5.31169081    
   5.82468843    
   6.00253010    
   10.1295395    
   16.4447117    
   22.2659206    
   25.0163670    
   24.4987373    
   20.0611267    
   14.5882893    
   9.71852589    
   6.73245955    
   6.92388535    
   8.69380665    
   8.43195724    
   8.30210400    
   9.06144905    
   9.13148785    
   10.5762520    
   9.80482674    
   8.64266205    
   8.21798038    
   9.45401192    
   9.57320690    
   9.74727821    
   10.2158279    
   10.7724876    
   14.9096317    
   19.7453117    
   24.8780575    
   29.1386986    
   29.5460720    
   24.2319164    
   16.1832237    
   10.6683798    
   7.60574913    
   7.09658575    
   7.16639423    
   7.56270599    
   7.11180544    
   6.69409704    
   5.93987131    
   6.99918175    
   6.75175667    
   6.90742683    
   6.79611015    
   7.59988260    
   6.95350695    
   6.93671942    
   6.62352848    
   7.40040255    
   12.9135036    
   17.9873924    
   24.0743408    
   27.5453758    
   27.3494606    
   21.5804539    
   14.5558357    
   8.89282131    
   5.35245037    
   5.26235056    
   5.73592472    
   6.16548443    
   6.16204071    
   6.73450565    
   6.20731544    
   7.12691545    
   6.97704601    
   6.93619776    
   7.30522442    
   8.16101265    
   7.71166945    
   7.13753796    
   7.28874397    
   8.01630592    
   12.3770523    
   17.2174721    
   22.4272919    
   25.5656662    
   26.8362370    
   24.5399036    
   17.9035339    
   10.6367311    
   5.36091185    
   4.95927572    
   5.86901045    
   5.94180012    
   5.71493578    
   6.37867880    
   6.76127625    
   6.43757439    
   5.84674931    
   5.60009766    
   5.48848200    
   5.74332333    
   4.98353195    
   4.47875309    
   4.52645874    
   5.84040070    
   11.0364809    
   15.7923870    
   20.7001839    
   22.5916233    
   25.3929749    
   24.0447140    
   18.1524868    
   13.6727295    
   6.85232782    
   5.82689857    
   6.29562521    
   6.22455025    
   5.96164274    
   6.13109732    
   6.03742599    
   6.23587084    
   6.22987890    
   6.23039865    
   6.49385309    
   6.44837475    
   7.27273703    
   7.65195704    
   7.02986431    
   7.99784756    
   13.2955770    
   16.9001999    
   20.2523308    
   21.3367748    
   23.5176983    
   21.6519737    
   16.5538445    
   9.39314651    
   5.65157366    
   5.03503418    
   4.60150909    
   4.37234974    
   4.34549236    
   3.42386961    
   3.22941279    
   4.03560114    
   4.23835421    
   3.76831007    
   3.56743693    
   2.58407640    
   2.33405709    
   2.59938598    
   1.76520419    
   3.38468933    
   7.61031961    
   9.77890778    
   15.1756973    
   16.6320000    
   18.6070862    
   21.4267578    
   18.5632782    
   10.0803223    
   4.95261669    
   4.81275129    
   3.63162804    
   4.06528950    
   4.52669907    
   3.82184768    
   3.90996432    
   3.74534154    
   3.85780430    
   3.79975390    
   3.69207239    
   3.57708716    
   3.65822721    
   4.08557177    
   4.73652220    
   6.10423136    
   11.0003033    
   18.2315483    
   23.1746445    
   28.6000481    
   27.5724106    
   25.8473892    
   17.4633064    
   11.4833488    
   5.44018793    
   3.75650620    
   4.02398396    
   4.54206562    
   4.72781372    
   5.64005375    
   5.90908146    
   6.84112549    
   7.17222357    
   6.68129349    
   6.10973549    
   6.47138834    
   6.23242712    
   6.09428501    
   6.30661392    
   7.41211176    
   13.1793737    
   19.9957180    
   25.8972149    
   31.7175808    
   31.5767288    
   27.2901115    
   19.2472534    
   11.2897043    
   5.03186989    
   4.00600719    
   3.55424762    
   3.79845572    
   4.12620544    
   4.63724089    
   4.93007660    
   5.03219938    
   5.26530075    
   5.68678904    
   5.92756557    
   5.76790476    
   5.62001467    
   5.52466965    
   4.95488167    
   6.90712166    
   13.2386665    
   18.3789501    
   21.9218140    
   20.2812958    
   26.1242943    
   24.8601856    
   18.5094967    
   13.5100508    
   5.74754810    
   4.21233225    
   4.80732727    
   4.53993368    
   4.28114414    
   4.35028887    
   4.17246389    
   4.49167204    
   4.64804983    
   5.70693684    
   7.23294258    
   8.90191174    
   9.68910789    
   9.51497459    
   8.30859852    
   8.65642357    
   15.1305723    
   20.9875813    
   24.2880936    
   27.6287174    
   27.1362343    
   25.5149593    
   19.9153709    
   14.1337566    
   7.06010628    
   5.54506254    
   5.28818512    
   5.43564606    
   4.89695787    
   4.21809816    
   3.95669198    
   4.23384762    
   4.27187586    
   4.08138752    
   3.87109160    
   3.95246935    
   4.22612381    
   4.38784218    
   4.81424809    
   6.64108133    
   14.7198601    
   25.6380329    
   35.4271431    
   42.0064125    
   41.7247391    
   36.3502579    
   26.4909801    
   20.8536453    
   12.4275494    
   10.4791641    
   12.0353317    
   9.86540031    
   8.76358509    
   6.47637939    
   6.75340223    
   5.85627508    
   7.94889402    
   9.32295704    
   10.5301523    
   7.90198469    
   9.06481552    
   10.0842381    
   9.41146755    
   11.2336750    
   19.1113605    
   24.8150425    
   37.7955856    
   38.4039078    
   37.2654915    
   33.6677475    
   25.9851398    
   19.5582314    
   12.3862057    
   10.1871891    
   11.4944468    
   11.0422983    
   10.6264505    
   12.8893147    
   12.7207146    
   12.5451870    
   11.6409874    
   10.9510355    
   9.81489182    
   9.28729534    
   8.67041397    
   8.35119438    
   7.44019508    
   10.0097980    
   18.2845135    
   25.8430729    
   36.0997200    
   39.4076920    
   41.5142822    
   37.2092514    
   28.2671127    
   17.7803764    
   7.29373312    
   5.21494246    
   5.25800467    
   5.13100815    
   5.36333227    
   6.13380623    
   6.05442047    
   6.10448980    
   5.45680046    
   5.03317213    
   4.51589060    
   4.21364594    
   3.69569206    
   3.19813538    
   3.25553203    
   6.61984062    
   16.7273006    
   27.4090137    
   38.1997375    
   41.0744057    
   42.0840340    
   36.4004669    
   27.1251125    
   17.7881775    
   7.55256224    
   5.20624352    
   5.35673046    
   4.78533030    
   4.48869371    
   5.61148882    
   5.73659134    
   5.90575027    
   5.74278259    
   5.41113615    
   5.01348782    
   4.75413465    
   4.50516796    
   4.24771309    
   3.89071846    
   7.37260723    
   17.4669189    
   26.7020283    
   37.3902855    
   40.8384895    
   41.4804993    
   35.7207260    
   24.7102737    
   14.3492041    
   6.94299126    
   5.40382385    
   5.09026623    
   5.07728338    
   5.68996191    
   6.09301805    
   7.14772940    
   4.97075605    
   5.37274265    
   5.48222065    
   6.02558994    
   5.17603779    
   5.37921286    
   5.78490543    
   4.95433569    
   8.42681980    
   16.5344067    
   21.6170120    
   22.5713043    
   18.9872875    
   19.8836899    
   19.1974564    
   12.7521648    
   4.94959307    
   1.81027544    
   1.47798502    
   1.08043706    
  0.910144925    
  0.478326917    
  0.969496489    
 -0.173836425    
  -1.21897984    
  -1.48090589    
  -1.69328856    
  -1.23125613    
 -0.797180891    
 -0.185967639    
  0.179241866    
  0.873392761    
   2.01752710    
   4.07832098    
   11.1779938    
   19.4228058    
   24.1190777    
   31.4783649    
   32.2624016    
   27.0278511    
   18.3396301    
   8.92394352    
   5.45483208    
   3.87405348    
   2.88302660    
   2.13406157    
   2.30862665    
   2.22750378    
   2.21290731    
   2.41496587    
   2.88521957    
   3.08131266    
   4.24595213    
   5.28304911    
   5.66679955    
   5.42971182    
   8.43699741    
   16.9208183    
   22.5936718    
   29.2154655    
   26.1023674    
   20.7744446    
   17.7396736    
   13.7059002    
   7.36231422    
   3.93576097    
   3.66562271    
  0.714197814    
  -1.15184426    
 -0.774511397    
  -8.32219496E-02
 -0.386056513    
   1.15866387    
  0.979573905    
   1.71288300    
   3.65646458    
   4.09216833    
   4.33989000    
   4.91404533    
   6.24757433    
   8.92425060    
   12.8892565    
   25.4877205    
   35.2715263    
   46.0794220    
   47.8902245    
   42.8969421    
   32.0238495    
   22.3136921    
   11.9117546    
   8.22106075    
   7.66394472    
   8.44679642    
   9.68523502    
   7.02255964    
   6.14080524    
   5.18319464    
   5.29072666    
   5.37075710    
   5.42501736    
   4.91226959    
   4.82568407    
   4.89213467    
   4.18687725    
   8.45584583    
   18.4474564    
   28.3497257    
   34.8697433    
   35.4162521    
   30.7960529    
   29.0366688    
   20.1824341    
   15.0862598    
   9.81531048    
   8.53667545    
   6.91948318    
   6.83009958    
   5.91254330    
   2.84715462    
   2.60951877    
   1.79648566    
   2.34464335    
   2.75025058    
   3.15773320    
   2.82440376    
   2.20632410    
   1.19254768    
  0.855575800    
   2.59793425    
   5.70605803    
   17.6007481    
   29.1370926    
   36.4167709    
   37.6329231    
   35.3901024    
   27.9215088    
   20.7582703    
   13.1017237    
   10.4964008    
   7.82270288    
   6.55405235    
   7.15405130    
   9.35872078    
   9.13887882    
   9.90445232    
   9.30492783    
   8.80016136    
   8.28673267    
   8.75717354    
   7.49584579    
   7.03749895    
   6.27065277    
   10.5948582    
   16.5108433    
   25.0167847    
   27.7121868    
   35.1343460    
   36.4332352    
   35.8222351    
   30.1523018    
   22.7893391    
   13.7011118    
   9.99123096    
   10.8862391    
   9.77333641    
   8.04684734    
   7.16664076    
   6.45657587    
   7.30563974    
   7.11322689    
   6.71749878    
   6.48643112    
   6.69731045    
   6.62002516    
   6.74777746    
   6.86768246    
   10.7520628    
   20.7734070    
   30.0967560    
   35.8343468    
   47.5503960    
   41.1468010    
   36.4040489    
   28.0145588    
   20.0037556    
   12.5656328    
   10.5113688    
   13.0982189    
   12.6200199    
   10.8168945    
   9.68296528    
   8.79003334    
   9.91060162    
   9.09614372    
   8.43361092    
   8.09323025    
   7.54110384    
   7.14543867    
   7.02313662    
   6.35811996    
   11.7491426    
   22.2782536    
   32.2067375    
   43.3733101    
   42.4315262    
   42.1879234    
   39.8161392    
   37.1650085    
   28.0305214    
   17.5139427    
   12.3340082    
   10.1450176    
   9.57798195    
   9.70106220    
   9.63983059    
   9.67469406    
   6.69695759    
   6.89316130    
   7.23335171    
   7.47048616    
   6.12423992    
   5.20933580    
   4.66224241    
   4.33514261    
   11.0310535    
   21.9265518    
   31.6398468    
   43.6153336    
   49.2792130    
   50.1314812    
   43.9746552    
   31.0006790    
   18.4704456    
   11.3930616    
   9.34631729    
   9.32559681    
   9.00645828    
   8.86430931    
   9.95502567    
   10.8014755    
   10.0370636    
   9.14102650    
   9.21398544    
   9.54887962    
   10.5486927    
   12.1130362    
   14.3651171    
   18.2609196    
   24.6876831    
   34.3774872    
   44.6307030    
   60.0965462    
   66.4437408    
   67.7781830    
   65.3552399    
   53.1503906    
   39.3143501    
   26.6025162    
   22.1479092    
   20.2113152    
   18.8749294    
   15.3810921    
   14.0656729    
   13.3141680    
   13.7205677    
   12.3216915    
   11.3720665    
   10.3706150    
   10.3875933    
   10.2808428    
   9.96475983    
   9.27370739    
   16.2762966    
   29.9177036    
   43.5202942    
   54.5728416    
   60.7410126    
   60.7737274    
   55.3734131    
   45.7095261    
   29.0571175    
   17.6440277    
   10.7257271    
   12.8827953    
   12.1343031    
   11.4660912    
   14.1888618    
   14.2626553    
   12.3275356    
   11.1354828    
   10.9025364    
   10.7884312    
   11.1778402    
   10.2755556    
   9.34093189    
   8.88067818    
   14.9104586    
   26.6523609    
   37.4076080    
   46.8198853    
   50.5747795    
   52.1521263    
   47.2980614    
   33.9504929    
   29.0554810    
   17.4880753    
   9.63137817    
   9.72985172    
   10.7797461    
   10.0298147    
   10.1742496    
   9.64092159    
   9.74407291    
   8.80331230    
   8.36832237    
   8.01879883    
   8.32840729    
   7.79046392    
   7.25445080    
   6.73863888    
   14.6251793    
   26.2062283    
   35.6527901    
   45.2520256    
   47.7992706    
   46.7847900    
   40.6301384    
   29.5455112    
   18.8766975    
   9.50132751    
   4.18159771    
   5.44822311    
   5.58126640    
   6.08963060    
   6.27585268    
   5.73524046    
   6.66476727    
   6.81428337    
   6.81399441    
   6.67278051    
   7.00468922    
   6.79033279    
   6.59257984    
   6.32628965    
   14.0249681    
   24.5790539    
   34.1459999    
   43.0832977    
   47.1020279    
   46.0531387    
   39.1229630    
   29.6620560    
   20.0768166    
   10.3934669    
   4.66566944    
   7.17273569    
   7.44896173    
   7.57628536    
   8.00611591    
   7.89235067    
   6.99698400    
   6.14569092    
   5.95825148    
   5.88486528    
   5.50034475    
   5.23103285    
   5.34370136    
   6.55058432    
   13.7090387    
   21.8127403    
   28.3773422    
   36.3551483    
   37.7437515    
   39.1530991    
   35.9986649    
   26.7809334    
   17.9510269    
   10.0978575    
   7.01925135    
   6.83758307    
   6.19149256    
   5.87355947    
   6.02672434    
   5.84111786    
   5.34970665    
   5.16546011    
   4.97399998    
   4.88301802    
   5.06672382    
   5.26153374    
   5.70662260    
   7.49955320    
   12.5941763    
   22.0738335    
   35.9014473    
   49.0660629    
   58.2453270    
   59.7463074    
   57.4915009    
   47.1252594    
   39.5821495    
   27.1265373    
   16.9563255    
   15.4928093    
   13.0851145    
   11.2031202    
   11.5301609    
   11.2175827    
   11.1357317    
   10.3707047    
   9.69996262    
   9.54080105    
   10.5207176    
   10.1953344    
   9.53290558    
   10.4417038    
   16.9461422    
   29.4179134    
   43.3727303    
   58.8978462    
   68.0068512    
   65.7626038    
   64.8583755    
   57.2876358    
   45.4035530    
   29.4937477    
   20.8487110    
   16.8422222    
   15.4469395    
   14.3142147    
   12.7274494    
   12.2204628    
   10.0179930    
   8.57010555    
   7.79445887    
   7.85759068    
   7.39133358    
   7.46636343    
   7.72778988    
   9.05005741    
   15.1327848    
   26.2540493    
   34.1660347    
   49.5719261    
   47.9280281    
   42.0829582    
   39.3786240    
   33.9337387    
   24.9988747    
   18.7030201    
   11.1165495    
   8.85520077    
   7.47958469    
   7.20671320    
   8.47317886    
   8.25576591    
   8.68918705    
   9.02435684    
   9.42425442    
   9.43110466    
   10.8789806    
   10.5719090    
   9.79802799    
   12.3114243    
   17.2585144    
   27.5126381    
   32.3713837    
   37.2010422    
   39.8238678    
   44.3855209    
   37.6833076    
   32.8668594    
   23.4357910    
   14.9422579    
   10.2941313    
   10.2766142    
   9.66824818    
   9.37634087    
   10.6360397    
   10.1937170    
   10.0179482    
   9.63848782    
   9.17047119    
   9.16213799    
   9.49895477    
   9.23742485    
   9.10463047    
   11.0310163    
   19.2039833    
   30.8919678    
   41.8730469    
   53.0585938    
   59.2927132    
   58.0542030    
   51.0737114    
   40.3345680    
   26.7361946    
   15.6498156    
   7.07853031    
   7.93081141    
   7.53973913    
   7.14253187    
   7.54546595    
   7.15348196    
   7.26534653    
   7.06805849    
   6.86891651    
   6.61666155    
   6.84544325    
   6.65870762    
   6.44592381    
   8.49400139    
   19.5238895    
   33.1902466    
   45.4626045    
   56.0619507    
   59.2231407    
   58.9178467    
   53.1264839    
   41.8457909    
   26.4181442    
   14.8200111    
   5.62691832    
   5.11788750    
   5.24406528    
   5.11085796    
   5.09951067    
   5.15258789    
   6.28748322    
   6.26431131    
   6.24269915    
   6.14032078    
   6.30414438    
   6.30431938    
   6.23724985    
   8.51718712    
   19.0187378    
   31.1184425    
   41.7273216    
   51.0227203    
   55.3175316    
   54.5637779    
   48.7822304    
   38.8884048    
   25.2936325    
   13.5025845    
   4.51600266    
   4.68613148    
   5.29163122    
   5.53578615    
   5.31818485    
   5.15788174    
   5.45207739    
   5.53579712    
   5.25664473    
   5.15407372    
   4.65481567    
   4.67552471    
   4.98680019    
   6.09645748    
   11.8519125    
   24.7180042    
   31.2480164    
   44.1593094    
   41.7439194    
   35.7052193    
   31.3656960    
   23.9268208    
   16.6455040    
   9.86199856    
   5.57493162    
   5.05186129    
   4.94892168    
   4.98517704    
   5.45546627    
   5.25233841    
   6.45371342    
   6.42194891    
   5.96844769    
   4.95104790    
   5.21415901    
   5.09831190    
   5.16245317    
   7.21561527    
   15.2569065    
   29.4175262    
   41.6918449    
   52.6741028    
   53.3143692    
   50.2781715    
   45.7669640    
   37.4408607    
   25.4161892    
   16.5098724    
   10.2653990    
   9.14546394    
   9.42184925    
   8.35782719    
   6.85062695    
   7.15928125    
   6.33301926    
   7.03687477    
   7.20291662    
   7.32801676    
   7.44053841    
   7.42369747    
   7.46178961    
   8.94111252    
   14.2499361    
   21.6293983    
   34.2700996    
   41.7930145    
   45.4057732    
   43.4801369    
   43.7334595    
   36.0363274    
   27.5796375    
   18.1404686    
   11.5300598    
   12.2364826    
   13.8492966    
   12.4954681    
   15.6785469    
   14.3219337    
   12.1136322    
   11.4206810    
   10.9888067    
   10.4514637    
   10.8208504    
   9.84872246    
   9.01046944    
   12.6218700    
   24.4006271    
   37.9089203    
   49.2149086    
   57.9375763    
   62.2854881    
   60.8261833    
   57.6271095    
   49.6560249    
   35.6544151    
   19.2075348    
   9.79393768    
   12.4630680    
   11.8579388    
   10.3514843    
   10.9330368    
   10.0724735    
   12.3079958    
   12.8099909    
   12.1576147    
   11.4050636    
   11.4269934    
   10.5996532    
   9.73686504    
   9.98091888    
   20.7104149    
   34.3281670    
   48.8314095    
   61.2094879    
   65.0563660    
   56.6634445    
   51.4129143    
   45.0798340    
   34.7966995    
   20.7303829    
   12.9172249    
   16.3238602    
   14.6706057    
   11.6406813    
   11.0513496    
   10.1025896    
   10.4678450    
   9.94180298    
   9.30978012    
   8.71062374    
   9.05707741    
   8.66308594    
   8.38899231    
   12.3656034    
   25.2652798    
   39.4711418    
   50.5609055    
   60.1174736    
   64.5157471    
   64.5802612    
   63.3052864    
   57.8892746    
   43.5559807    
   27.4565125    
   15.4629908    
   15.8834906    
   15.5972576    
   14.7747765    
   14.0808172    
   11.3874102    
   11.9199924    
   11.1755180    
   10.6628723    
   9.66968155    
   9.54432678    
   9.38885593    
   9.23605919    
   15.5767832    
   30.0807343    
   45.7650909    
   60.6269836    
   72.1637726    
   73.2711258    
   76.4714355    
   81.2223511    
   74.5411682    
   50.0656776    
   24.9135666    
   11.9966393    
   13.1584835    
   11.4850121    
   9.96873283    
   10.3393412    
   9.49513340    
   12.4672947    
   11.6085482    
   10.8166409    
   9.71306324    
   9.71180820    
   9.91628742    
   9.33319283    
   12.1613016    
   27.5789719    
   43.0684700    
   52.4292412    
   67.2730331    
   78.1231918    
   79.8768234    
   72.3737793    
   57.0740509    
   39.5499763    
   21.7218113    
   12.7468481    
   12.3921947    
   11.4091578    
   10.7663116    
   10.5270977    
   11.1827927    
   11.4747953    
   10.3134651    
   9.24535656    
   7.98432922    
   7.49317980    
   7.06739378    
   7.28795910    
   12.8839283    
   26.3193226    
   40.1097641    
   47.5550308    
   55.2008247    
   59.5918770    
   59.3302689    
   52.4745979    
   41.5426750    
   28.1373215    
   14.8715267    
   6.00851822    
   4.93208790    
   4.60310030    
   4.60879898    
   4.82557487    
   4.82950783    
   4.81504154    
   4.93897533    
   5.14062643    
   5.14046335    
   5.30905437    
   5.33352709    
   5.84032440    
   11.9281883    
   24.1574535    
   38.0761147    
   50.1137886    
   58.6048737    
   62.4719009    
   60.4169922    
   53.2317238    
   42.0583305    
   29.1526318    
   14.5357780    
   7.96545506    
   5.94440174    
   5.44002295    
   6.66739130    
   7.07347488    
   6.66100311    
   8.57394695    
   7.63445854    
   6.35868692    
   5.59906816    
   6.12772083    
   5.97508669    
   6.41335869    
   12.9344664    
   25.5684681    
   39.0364494    
   50.1744652    
   59.5500488    
   62.8523026    
   61.4570045    
   54.3886795    
   43.1824837    
   29.2832375    
   16.3990765    
   7.90832520    
   5.41275549    
   5.25389338    
   5.52562618    
   6.05501461    
   5.92845249    
   6.67498350    
   6.42062855    
   5.97528982    
   5.52066565    
   5.92904997    
   5.80624294    
   6.45419884    
   13.0549746    
   26.0580425    
   40.1288185    
   49.8510475    
   60.6025085    
   64.4712143    
   62.5100288    
   55.3459816    
   44.6137161    
   32.3170853    
   16.3849678    
   8.97257328    
   6.16079235    
   5.85008335    
   5.93230057    
   7.60613585    
   7.14260483    
   5.61000729    
   4.86914539    
   5.01515388    
   5.10269547    
   5.77751970    
   5.61774826    
   6.24693823    
   13.5174856    
   25.7190971    
   38.9117279    
   48.6187248    
   59.1589279    
   63.9214516    
   62.0545425    
   55.8722801    
   47.5859909    
   33.6425285    
   16.1290455    
   8.59066010    
   6.41251040    
   6.49611378    
   6.49031353    
   6.97204733    
   7.15212059    
   8.22899818    
   8.04672337    
   6.27148914    
   5.75843000    
   6.61941099    
   6.28496552    
   6.06007862    
   11.9301529    
   22.7798786    
   35.4114075    
   45.8085365    
   53.2927208    
   57.2219925    
   58.3095055    
   51.8099632    
   37.9701004    
   23.1336098    
   12.8323765    
   8.55085945    
   7.79035902    
   8.63351250    
   9.15581131    
   9.94061470    
   9.47509861    
   10.2257462    
   9.46357536    
   9.00015545    
   8.87722301    
   9.32106972    
   9.86598110    
   10.3574057    
   15.0307322    
   23.6343822    
   28.0368557    
   43.0782700    
   41.5078278    
   45.4604187    
   56.3221931    
   83.3133316    
   89.3899155    
   78.0694809    
   51.8892784    
   31.6592102    
   21.5156364    
   16.1775646    
   11.5391779    
   12.5227985    
   13.5042295    
   18.5249233    
   20.2334499    
   21.7220573    
   21.2994518    
   24.1281719    
   23.3160038    
   25.6462688    
   40.5825462    
   51.3970566    
   64.2095490    
   73.9305496    
   81.0407562    
   86.9381714    
   87.7920532    
   70.8168793    
   59.9710655    
   46.0141258    
   29.1946754    
   17.4266300    
   13.1362209    
   10.1091413    
   8.64735031    
   8.59497547    
   8.10589027    
   7.35607052    
   6.06854820    
   5.61009741    
   5.43908834    
   5.27198553    
   5.13550615    
   6.86830091    
   14.4900303    
   24.4202042    
   32.4964485    
   35.9490356    
   33.0511131    
   25.7731152    
   26.7190590    
   27.2139606    
   21.4133015    
   14.3001757    
   10.0349665    
   6.37495756    
   4.76061010    
   6.07444715    
   5.60754538    
   2.11544371    
   1.88769710    
   3.32712936    
   2.99235702    
   2.23089886    
   2.60216403    
   7.24108934    
   7.19644594    
   7.03357649    
   15.4554224    
   26.1849918    
   38.3061829    
   55.9298897    
   58.6490059    
   62.2332802    
   48.8244247    
   42.7973442    
   40.3208275    
   34.1115723    
   19.3143921    
   10.4613991    
   8.84930897    
   7.70912457    
   9.43490982    
   8.41144753    
   7.02251863    
   10.0150309    
   8.90048885    
   8.66696644    
   8.05185604    
   8.71310329    
   8.45813942    
   10.1809950    
   19.0556068    
   32.1755905    
   45.7616234    
   62.1207275    
   70.8190613    
   72.1643219    
   66.0974884    
   58.5452042    
   44.6185570    
   32.1739426    
   19.7002182    
   12.9270878    
   9.10471153    
   8.57208729    
   9.84475994    
   10.6973095    
   9.50300980    
   9.46416855    
   6.26177073    
   5.24296141    
   5.20679569    
   6.70754480    
   6.91492033    
   8.08324432    
   14.2105255    
   27.3171692    
   35.7721977    
   37.9699783    
   40.1041946    
   42.7950935    
   40.4061890    
   37.8382645    
   27.9478664    
   18.6423302    
   13.2824831    
   6.95884895    
   5.23252487    
   5.19776201    
   5.09482670    
   5.06368113    
   5.10475016    
   5.27000809    
   5.13082790    
   5.10671663    
   5.26009798    
   5.76862383    
   5.52330446    
   7.70511103    
   15.0473986    
   24.3885822    
   35.4326859    
   40.9110298    
   49.5179138    
   53.8585320    
   59.4880180    
   57.8787804    
   48.0452690    
   36.5506668    
   28.0196056    
   20.0406132    
   18.3234844    
   16.2677212    
   14.4820328    
   13.9358377    
   14.2105093    
   14.4166965    
   12.5732975    
   11.6868916    
   12.3439999    
   14.4193573    
   15.1427135    
   16.2828846    
   18.3515034    
   30.8741760    
   37.7670441    
   36.9633522    
   36.5205193    
   31.5486946    
   25.1504803    
   22.5939388    
   19.1200924    
   14.4842987    
   11.8000011    
   9.38638115    
   7.40965939    
   7.33082342    
   6.60251284    
   8.99386311    
   8.01103210    
   9.11889744    
   9.18346977    
   9.38802147    
   9.61841488    
   11.6535234    
   10.6276064    
   11.1545639    
   17.5739613    
   24.7050819    
   40.0353622    
   54.4314804    
   59.2887688    
   66.7137299    
   63.6569557    
   55.4314804    
   48.3115196    
   36.4664764    
   24.6750908    
   13.3117819    
   10.7669468    
   9.07680130    
   7.75966930    
   9.47198772    
   8.90317154    
   8.83806133    
   8.32808018    
   7.96137810    
   7.64997721    
   8.33427811    
   7.97832155    
   10.8504314    
   17.7500820    
   31.4653683    
   46.9297600    
   61.7899094    
   74.6805954    
   77.2701721    
   73.4572296    
   65.4493027    
   51.3925400    
   30.2642117    
   23.2772636    
   13.1186361    
   6.17486095    
   5.51291132    
   5.87889338    
   6.59849358    
   7.06556273    
   6.80226183    
   6.95810556    
   7.04212999    
   6.79152966    
   6.26148367    
   6.30509663    
   10.4781923    
   20.0323448    
   35.7666626    
   63.9946861    
   73.1978760    
   82.7325211    
   80.5385895    
   82.0809250    
   67.0231552    
   55.4157104    
   44.5654945    
   35.0200806    
   22.8930759    
   10.9057951    
   9.30251408    
   9.28468609    
   5.26406431    
   5.39444542    
   4.34662294    
   5.02417564    
   5.05732059    
   4.65870953    
   7.69583988    
   8.35634136    
   12.8467293    
   25.4328880    
   40.8728065    
   58.3214149    
   75.8817825    
   87.0367508    
   89.3483963    
   89.8576508    
   82.9345398    
   70.7064133    
   52.8704414    
   31.7512741    
   14.1398478    
   9.22452164    
   6.93239355    
   7.24292326    
   8.87251949    
   9.04636383    
   7.52305031    
   6.63758945    
   5.13253260    
   5.25474215    
   4.50501204    
   5.21369839    
   9.22686291    
   13.6187115    
   18.9648590    
   24.9009056    
   26.0129261    
   24.8208828    
   25.2674618    
   19.6389332    
   24.7333298    
   27.4899197    
   24.0808754    
   15.3653469    
   7.11028242    
  0.855940402    
  0.102425739    
 -0.181595325    
 -0.399762541    
 -0.899629593    
   4.25077009    
   3.15997672    
   3.96469474    
   5.75208664    
   10.5661745    
   11.9521065    
   18.3848000    
   35.1705284    
   57.0935936    
   75.8885269    
   105.651810    
   114.598785    
   100.375816    
   83.1203842    
   52.7999535    
   40.4302788    
   23.9701881    
   16.0399227    
   9.14793301    
   4.52918530    
   4.59385872    
   4.65993500    
   2.65250063    
   14.7583914    
   14.6267662    
   12.5244608    
   16.4607582    
   16.3414726    
   16.3658295    
   15.3855152    
   18.0168266    
   22.3947678    
   37.8359566    
   54.4356232    
   72.4813004    
   80.7088547    
   67.5794067    
   60.4956589    
   62.0848160    
   52.7406158    
   31.4563885    
   16.3382797    
   9.88937569    
   4.82494354    
   6.95974827    
   8.45927238    
   12.4253340    
   14.4915514    
   10.3405104    
   11.1704512    
   12.1386480    
   12.5184736    
   11.1272612    
   10.2009268    
   11.1645784    
   16.1520443    
   20.3901939    
   17.7370434    
   25.8150482    
   38.4838333    
   47.0482063    
   67.4461670    
   63.0045853    
   46.2749100    
   33.4737015    
   20.6352177    
   14.3261080    
   11.3685703    
   10.0437222    
   10.4971266    
   11.9747009    
   11.9831285    
   14.0083876    
   15.3531904    
   14.1756468    
   13.7688437    
   16.1258659    
   18.1746197    
   13.8763094    
   11.2820091    
   12.8479500    
   18.5877762    
   18.2996368    
   18.7778206    
   21.4041042    
   21.3886776    
   23.8425789    
   18.5527897    
   14.7073011    
   12.8230858    
   9.23337269    
   9.25670433    
   8.57179832    
   7.88153172    
   8.38458824    
   8.52552986    
   8.42080307    
   8.53446960    
   8.22127056    
   7.99595118    
   7.46877766    
   7.56848669    
   9.35065269    
   10.9241743    
   13.0471249    
   26.4916725    
   34.9050102    
   39.5146790    
   53.5883904    
   69.8212814    
   65.2201080    
   50.1584930    
   40.8238068    
   31.1628590    
   23.6136303    
   17.4252682    
   14.6635303    
   12.1775913    
   12.2107286    
   11.8668613    
   13.4051800    
   12.8822460    
   11.9635658    
   11.5787764    
   11.8553095    
   11.7068615    
   15.1847076    
   22.2430325    
   27.9226017    
   34.1597824    
   36.1147614    
   43.4958649    
   46.4187279    
   37.4552345    
   32.6867027    
   23.4915295    
   18.3120403    
   13.4273596    
   8.35767174    
   6.43024826    
   5.75566912    
   5.55507040    
   6.25257349    
   6.10057163    
   6.31258392    
   6.00899124    
   5.76814985    
   5.58458900    
   5.84310675    
   6.14679480    
   12.3429546    
   23.3130398    
   40.3187599    
   59.7691803    
   76.0890427    
   91.9553986    
   95.8644562    
   92.7653580    
   81.9728317    
   66.2845535    
   48.0567894    
   28.6586075    
   14.8727055    
   10.0147324    
   6.41926003    
   5.40861940    
   8.34231186    
   7.84777546    
   7.91962910    
   7.52020216    
   7.00555658    
   6.76927900    
   6.75152683    
   6.95052958    
   12.9068289    
   20.8919506    
   35.1029701    
   36.1456528    
   40.3562584    
   66.5238876    
   74.2542648    
   58.7767334    
   37.4358101    
   27.9477882    
   28.4179916    
   24.7503567    
   17.9147072    
   16.2619534    
   15.6903982    
   16.1442680    
   17.4026241    
   15.9944248    
   14.3968229    
   12.3391724    
   11.3699503    
   9.98517036    
   12.5839281    
   16.6988449    
   22.3344288    
   26.2352562    
   32.4600487    
   49.4588394    
   65.7619324    
   71.9332962    
   78.4218445    
   74.1307526    
   69.4521637    
   60.8227806    
   42.2119102    
   28.6710911    
   24.1172791    
   20.2772903    
   17.5069885    
   16.1877098    
   20.0757751    
   20.5085487    
   20.1610832    
   20.0390892    
   19.6973972    
   20.1517582    
   20.8503819    
   20.8294258    
   27.0098782    
   43.0128555    
   55.8948250    
   63.6583519    
   86.1870728    
   107.916580    
   118.488846    
   109.829262    
   106.119431    
   99.0972977    
   85.2665558    
   64.1567841    
   43.1632690    
   28.2036476    
   20.8867798    
   19.6328487    
   20.9311180    
   18.6774044    
   16.3345070    
   15.6087961    
   13.3787928    
   12.5881205    
   12.1671686    
   11.7169819    
   20.7325153    
   36.3727837    
   61.9525719    
   93.0466995    
   114.618881    
   120.799942    
   101.028275    
   84.4856262    
   76.1142349    
   63.4426689    
   48.8735046    
   30.1972904    
   15.2036629    
   9.86945629    
   7.42910004    
   6.74113655    
   7.10149574    
   6.65444660    
   6.19190598    
   5.91232538    
   5.56748819    
   5.29347324    
   4.75930071    
   5.54049349    
   10.8262339    
   17.0442543    
   31.6273003    
   44.0729256    
   51.2905502    
   49.3261757    
   54.4777260    
   53.0536270    
   56.0180321    
   45.2470741    
   27.5788174    
   22.8269920    
   14.3528032    
   8.07932091    
   5.93817711    
   5.53996229    
   6.11342621    
   5.91369724    
   5.99131680    
   5.77573538    
   5.55360174    
   5.58308744    
   6.00994062    
   7.10166121    
   13.8290691    
   24.8509064    
   40.2335243    
   56.5438042    
   66.1763000    
   75.1576385    
   69.4533386    
   66.1463394    
   57.6188965    
   44.0848198    
   35.0752716    
   24.0711441    
   14.7164545    
   8.00049686    
   6.11027670    
   5.57937193    
   4.71521902    
   4.99851227    
   5.18334866    
   5.42303801    
   5.39715052    
   5.34727478    
   4.01170254    
   9.66586399    
   25.2034206    
   41.0587082    
   49.3118210    
   44.0638580    
   39.0594788    
   37.5271568    
   32.0706215    
   30.9226246    
   33.7278862    
   27.9683094    
   23.9563904    
   23.9687881    
   19.9633770    
   15.0608616    
   12.0007000    
   8.47299957    
   7.62434340    
   6.22059393    
   8.12792873    
   7.03104210    
   7.07159424    
   6.31709146    
   5.03187656    
   5.85632563    
   12.1015453    
   19.2021370    
   25.0003815    
   45.2174072    
   45.3219452    
   56.1966400    
   45.6839409    
   46.7761116    
   42.7839012    
   31.6673107    
   23.8210335    
   14.7888823    
   10.7621317    
   13.4534750    
   11.2803974    
   9.29761791    
   10.0756464    
   8.18873501    
   10.2966957    
   8.63831520    
   9.02822590    
   7.71473789    
   5.96852875    
   7.43135309    
   15.0013084    
   19.4103832    
   32.2599831    
   48.8400917    
   57.5822067    
   56.3753738    
   67.8337860    
   72.7292099    
   65.4191284    
   58.4437294    
   43.9052124    
   23.3966751    
   11.7854395    
   9.37706280    
   6.80257559    
   6.34359121    
   6.28281355    
   6.18564415    
   6.28276253    
   6.11959219    
   6.00577688    
   6.01733112    
   5.84969044    
   7.10358810    
   11.4012623    
   13.3615904    
   17.9511299    
   23.7400169    
   52.6112862    
   63.2074471    
   64.5582047    
   61.8881645    
   39.0191803    
   38.1904106    
   39.3896523    
   33.2378769    
   23.6446266    
   17.0381699    
   14.8969774    
   13.9233122    
   13.0017939    
   11.6463299    
   9.91721535    
   8.32009125    
   7.69093752    
   7.09752131    
   7.80691290    
   8.72331619    
   18.8557529    
   41.1003151    
   67.0280304    
   94.5506287    
   129.880569    
   130.235336    
   103.708305    
   75.9188995    
   60.0383797    
   38.9184799    
   26.3744507    
   26.8152905    
   22.1008816    
   24.5816040    
   24.2515945    
   22.2036419    
   21.2533188    
   19.9409542    
   15.5119457    
   13.2156801    
   12.1558390    
   8.83379078    
   10.0918331    
   12.2403316    
   18.6110649    
   26.8025589    
   33.5953293    
   71.5671158    
   79.7185440    
   86.5653458    
   78.6900711    
   86.4666138    
   68.7772141    
   54.6625519    
   47.5584450    
   33.9457397    
   19.5017128    
   15.3874493    
   10.1289988    
   9.03497696    
   10.5210419    
   9.69048500    
   10.7184677    
   9.41831970    
   8.21663857    
   7.38655424    
   7.75595999    
   8.54484463    
   15.6427860    
   24.9855766    
   38.2754784    
   45.6252213    
   51.3997498    
   69.3627930    
   77.6995621    
   78.6826401    
   99.5624619    
   79.4817047    
   86.8534317    
   86.8312073    
   62.9400711    
   48.1189728    
   35.7798576    
   27.1984005    
   21.6057053    
   16.8495731    
   16.3311024    
   14.5796347    
   13.6371536    
   13.4470539    
   13.7830906    
   16.7385769    
   28.1011162    
   45.1528168    
   60.9758377    
   66.8044128    
   73.5090485    
   68.3057632    
   73.9661102    
   71.7443466    
   56.7745934    
   47.7669258    
   42.4830055    
   30.9729462    
   17.6378880    
   8.32147312    
   4.81525707    
   12.4701891    
   14.4560471    
   12.5166788    
   14.0875340    
   13.9579382    
   13.4453812    
   12.7249861    
   11.0889063    
   14.0476742    
   25.4617863    
   41.0538673    
   68.9280701    
   90.6637421    
   103.244034    
   77.4628067    
   74.3333054    
   75.5141449    
   80.5020676    
   65.6380768    
   50.6192169    
   33.3923607    
   18.6634808    
   7.41046715    
   7.27194881    
   8.10989380    
   6.72804403    
   6.42445564    
   7.31542969    
   7.20095587    
   7.05131674    
   6.97828913    
   7.07576084    
   10.2649126    
   19.8673687    
   32.8856468    
   47.3976631    
   59.6450844    
   77.1212158    
   75.4437027    
   67.3532257    
   50.7880783    
   47.5138435    
   47.0742874    
   37.8051033    
   27.3380241    
   19.4339886    
   12.8264322    
   7.46823215    
   6.41967773    
   5.59219599    
   5.02793980    
   5.23655224    
   5.55398798    
   5.36352205    
   5.69366932    
   5.26438570    
   8.13789082    
   18.3069363    
   32.5548134    
   48.6028137    
   63.8570786    
   66.4914017    
   75.7022400    
   85.5655594    
   88.1070251    
   70.2850494    
   61.0110130    
   46.0920067    
   31.3934288    
   21.3414783    
   10.3064537    
   5.41553164    
   4.49332476    
   3.63435864    
   3.35339546    
   7.29255104    
   6.83616352    
   5.94675255    
   5.64799070    
   5.12924910    
   9.35571289    
   18.1732388    
   32.1016769    
   48.4724922    
   63.7707748    
   71.4001617    
   84.5041428    
   79.4898071    
   76.3573303    
   59.5489235    
   43.9831314    
   33.6030121    
   27.2761784    
   17.9224873    
   11.3050060    
   31.7928772    
   29.2629642    
   24.0943451    
   20.4804096    
   17.9137669    
   14.5816431    
   12.3924637    
   11.6333189    
   10.6860485    
   15.5024853    
   24.9768467    
   40.1759224    
   55.3381004    
   76.3787003    
   80.2531128    
   89.9324188    
   74.2692642    
   80.5276184    
   78.7288132    
   63.8672028    
   44.2632065    
   31.0915146    
   17.7829647    
   8.45404720    
   4.55609608    
   4.40517616    
   4.13357639    
   4.83401108    
   4.07613993    
   4.24403238    
   4.44838619    
   4.47799873    
   5.00321913    
   8.45853329    
   22.3173752    
   36.6383247    
   50.2882462    
   67.4071808    
   75.6396713    
   95.2500381    
   92.6540909    
   83.4047546    
   177.564972    
   165.164490    
   133.174316    
   96.5018539    
   62.7279778    
   39.4519539    
   25.0374336    
   19.9604511    
   17.0631199    
   14.5844698    
   13.4683056    
   12.1957636    
   11.2048569    
   10.2400341    
   9.58029270    
   14.4391909    
   25.8491611    
   38.7713394    
   57.1739655    
   73.6557846    
   90.8274384    
   91.2997284    
   82.4568710    
   75.9107437    
   59.0058746    
   46.0740280    
   36.2705307    
   22.2482777    
   11.7407541    
   6.69748688    
   4.82817125    
   5.61139536    
   5.09697771    
   5.17916298    
   5.06546164    
   5.04058027    
   5.00425196    
   4.80422306    
   4.47471714    
   8.13114357    
   15.1239252    
   26.9554920    
   38.8146248    
   61.5320473    
   75.7068405    
   83.0830383    
   65.4609375    
   49.6223068    
   44.7573433    
   36.4295807    
   29.4220829    
   22.8488579    
   17.4853992    
   9.13779449    
   4.66498756    
   4.35358715    
   4.22993088    
   4.63193703    
   4.41782665    
   4.67927456    
   4.75303078    
   4.70461893    
   4.58860302    
   9.13974094    
   19.5555878    
   32.0318527    
   47.7317123    
   63.6209641    
   77.4225311    
   86.1401596    
   85.5415802    
   54.7512856    
   40.6065063    
   33.1779938    
   28.3102512    
   23.0568542    
   17.6105518    
   10.0799227    
   4.96868086    
   4.35734224    
   4.10489607    
   4.70699739    
   4.36948299    
   4.59126139    
   4.76010656    
   4.82878351    
   4.30233240    
   8.81927490    
   17.6027470    
   25.5430279    
   40.1744232    
   56.0775528    
   66.8609161    
   68.5153656    
   69.3762360    
   65.8810730    
   63.6935196    
   50.7549934    
   18.9595413    
   64.4066696    
   57.9117813    
   43.6408005    
   40.6600914    
   37.8512497    
   35.5444946    
   33.7805862    
   36.0508690    
   33.5906029    
   31.4828167    
   33.1475449    
   34.7137260    
   41.0992317    
   50.8819275    
   68.6372986    
   91.3636703    
   130.394547    
   169.572372    
   187.549545    
   189.783417    
   175.327713    
   161.649338    
   123.964180    
   125.001625    
   89.6728745    
   66.1154404    
   47.3797112    
   34.7815781    
   29.4973488    
   27.4364052    
   23.4216442    
   21.3029995    
   19.5521221    
   17.6774883    
   16.4288559    
   18.1421776    
   27.1075726    
   46.9663696    
   75.4236832    
   104.390221    
   127.612495    
   131.898651    
   121.386467    
   65.2649384    
   60.3320427    
   54.2962265    
   85.9545593    
   97.1789932    
   83.5653687    
   66.5199051    
   46.4357567    
   34.3591690    
   28.2231464    
   24.7234421    
   22.3148689    
   20.7350521    
   18.6564331    
   16.2366695    
   15.4498138    
   15.1713495    
   18.0340080    
   23.1649818    
   29.0440083    
   42.8786316    
   62.9920464    
   64.9088669    
   86.5204315    
   90.9069901    
   91.7369461    
   76.1989441    
   61.3304405    
   47.1059952    
   29.8624668    
   17.8658237    
   10.5942707    
   4.34925556    
   3.24920321    
   4.23414040    
   4.65712976    
   4.93012333    
   4.85455084    
   4.69973230    
   4.38390255    
   3.56087971    
   7.88736105    
   15.0585690    
   19.7692795    
   23.7593803    
   47.7227516    
   63.2435799    
   77.1638794    
   81.3489380    
   76.5488968    
   67.7089920    
   48.9077454    
   60.4623795    
   50.8048935    
   52.3655434    
   47.6575966    
   36.3218307    
   28.2403908    
   45.5801659    
   51.5899582    
   57.2516556    
   52.1116409    
   47.1591530    
   38.5359421    
   43.1626053    
   46.7299767    
   64.0558701    
   93.7647400    
   93.4955215    
   78.3796768    
   74.8823929    
   86.2899475    
   85.2167969    
   90.2174683    
   87.0446167    
   75.3651581    
   62.4250145    
   45.8942528    
   25.6560612    
   16.9860096    
   8.87490845    
   7.17476654    
   6.82634640    
   6.48460054    
   6.73118877    
   6.54673719    
   6.24196291    
   5.94895744    
   5.83563137    
   11.1951952    
   20.5778885    
   32.8793259    
   47.8790398    
   65.1586914    
   74.5107422    
   76.3529816    
   80.2591858    
   75.1385269    
   65.7571945    
   58.3909187    
   49.4303169    
   68.6455917    
   39.3789406    
   17.1247711    
   9.08132362    
   7.40821981    
   6.29164791    
   5.99819946    
   5.73745203    
   5.42564964    
   5.25073004    
   5.08870983    
   4.94151163    
   9.76539803    
   17.5490551    
   30.4462376    
   46.1344681    
   65.1981125    
   78.6626053    
   88.8114090    
   90.4838028    
   85.8255386    
   74.2905960    
   54.1528587    
   45.6724586    
   30.4734192    
   81.0571518    
   62.3284912    
   43.4867706    
   33.4609642    
   29.5620823    
   27.3221779    
   26.3369808    
   25.3283043    
   23.7217731    
   23.6658039    
   26.8158894    
   35.9372368    
   51.5239983    
   77.3119736    
   99.6240234    
   119.520668    
   143.948639    
   130.854950    
   108.985611    
   95.7636566    
   100.620720    
   97.0055466    
   111.194626    
   70.6096039    
   55.5270615    
   39.2758217    
   25.9511547    
   21.6350861    
   17.2075233    
   14.6008911    
   13.5685501    
   14.1275921    
   16.3915844    
   18.6322422    
   19.8755360    
   23.2306728    
   23.5978451    
   22.2446613    
   24.8557873    
   33.7842522    
   45.4652214    
   63.6878357    
   78.8782196    
   77.6649704    
   81.9542770    
   109.267441    
   95.8657455    
   67.9543304    
   52.8962173    
   35.0708885    
   24.4961205    
   19.6214142    
   23.1487675    
   21.6704140    
   19.9256725    
   20.8377800    
   20.7659245    
   18.6040173    
   19.0784054    
   24.5870533    
   40.5016022    
   64.8161697    
   91.4609604    
   127.303146    
   137.293228    
   90.3024597    
   90.3751068    
   75.9341583    
   59.8402939    
   40.6850204    
   25.0648289    
   24.5926762    
   19.9038448    
   12.4837055    
   7.38734627    
   6.55303144    
   5.97048092    
   5.26267719    
   4.80619287    
   4.79938269    
   4.81779718    
   4.89406919    
   5.44199705    
   11.5520430    
   22.0594215    
   34.4994850    
   35.5285301    
   42.0014038    
   66.7957077    
   72.9376831    
   80.8944550    
   73.3151093    
   71.1207733    
   61.3800774    
   54.1403809    
   68.3195267    
   83.8591003    
   56.1473770    
   31.0991116    
   25.2458439    
   25.6305828    
   22.9511833    
   21.3228664    
   19.3006668    
   17.7648621    
   17.0557861    
   19.5277767    
   29.7762585    
   49.0033531    
   77.2895584    
   97.3108978    
   119.357864    
   134.639633    
   101.229294    
   102.309357    
   86.4179153    
   73.1567230    
   62.0554733    
   47.7099495    
   33.7970352    
   21.0326595    
   10.4765654    
   4.78058720    
   4.34210157    
   4.12624407    
   4.20200205    
   3.99625468    
   4.51989412    
   4.93995094    
   4.99826813    
   5.77462006    
   12.1980534    
   23.7227097    
   40.1510048    
   56.1227722    
   70.1463699    
   84.3766785    
   94.1081314    
   91.6508713    
   81.5744247    
   65.6397018    
   55.5094414    
   38.4349022    
   30.4006176    
   16.4303207    
   8.74004936    
   4.97461128    
   4.52759075    
   4.09623718    
   4.09424639    
   6.06516981    
   6.53757715    
   6.11883783    
   5.52528811    
   6.93830585    
   13.0749903    
   24.0238667    
   38.2026711    
   53.3830223    
   70.1340256    
   85.3893661    
   95.8224640    
   98.1725235    
   89.8488464    
   80.0998383    
   66.0705643    
   51.2220116    
   38.4537544    
   23.3656540    
   11.2381182    
   6.01917934    
   5.08237314    
   4.26814079    
   4.44670582    
   4.32420683    
   4.55008507    
   4.69013166    
   4.87417173    
   5.73542023    
   11.2526188    
   20.7700939    
   35.1061592    
   37.0467491    
   61.7672501    
   65.7044144    
   68.6176300    
   61.7383766    
   66.4933548    
   56.8012810    
   52.7151146    
   43.6615105    
   33.0412216    
   21.5884495    
   13.1034346    
   6.37402105    
   4.71121120    
   3.72203612    
   4.02590609    
   4.58801699    
   4.64195728    
   4.72233582    
   4.82081366    
   5.47093201    
   9.00510788    
   14.4245262    
   26.6255341    
   42.4170494    
   55.9149742    
   64.4958496    
   56.4329185    
   40.6916237    
   35.1132851    
   36.6193657    
   33.6896400    
   28.1618004    
   22.0986385    
   16.5806465    
   10.1416473    
   5.74431515    
   4.52987289    
   4.15598536    
   4.28791237    
   4.34271955    
   4.55230284    
   4.85793495    
   4.87700129    
   5.57315922    
   10.5434589    
   17.9229927    
   30.6417847    
   44.8904381    
   59.2892685    
   59.5974503    
   57.4178696    
   57.2507744    
   48.3416214    
   41.3276215    
   34.9277229    
   27.2291908    
   19.2929039    
   11.1487083    
   5.07981586    
   2.93206310    
   3.26820731    
   3.74988151    
   7.88572836    
   7.55271864    
   7.53536034    
   8.11058712    
   8.29782867    
   8.54793930    
   15.3782492    
   23.1428585    
   37.9528389    
   56.3470078    
   73.2234421    
   87.6977539    
   96.2671280    
   83.5722122    
   68.3324509    
   48.4034843    
   28.1788158    
   23.3285885    
   30.7201233    
   30.9309063    
   37.2377357    
   39.4912567    
   35.3095932    
   30.5886803    
   26.6664734    
   30.7405987    
   30.3204288    
   31.6841488    
   30.0631847    
   30.6396751    
   31.9982319    
   33.1701736    
   39.1470375    
   46.3959885    
   60.3009567    
   80.3912506    
   88.7217331    
   113.764923    
   147.459518    
   139.964218    
   123.635712    
   108.995567    
   95.9880524    
   72.2891541    
   51.1929512    
   32.3636818    
   19.7304707    
   16.5442123    
   17.0437050    
   14.9771223    
   14.1385460    
   13.2798901    
   11.6140184    
   10.9065638    
   19.5123806    
   26.6764107    
   29.1748600    
   33.7248192    
   63.2629662    
   92.3866348    
   111.310669    
   98.4935837    
   104.774727    
   94.6292648    
   111.756844    
   113.507416    
   86.8157349    
   66.3023453    
   44.7364960    
   30.0701275    
   20.0114193    
   21.3532143    
   18.9044495    
   18.1607590    
   13.7844553    
   10.2831945    
   8.35090446    
   6.53183556    
   17.3187008    
   38.2131348    
   58.6214752    
   84.3050003    
   110.090477    
   139.750916    
   148.470932    
   115.056526    
   108.017555    
   100.035858    
   79.5690918    
   63.5615120    
   43.2350578    
   71.3928986    
   48.6695557    
   32.0207138    
   21.4886589    
   20.3048191    
   17.0349541    
   19.2315826    
   16.6038609    
   14.3886099    
   12.2033415    
   9.44218445    
   18.2934723    
   33.2746773    
   47.4810600    
   63.1269913    
   90.7244263    
   108.579002    
   122.280022    
   117.291306    
   100.546165    
   76.4715500    
   59.6138954    
   40.5646553    
   25.5829201    
   17.4213543    
   7.03606606    
   3.23522186    
   3.41905618    
   2.88622022    
   3.57217216    
   3.26398754    
   3.77528071    
   4.31616879    
   4.81146765    
   4.73235512    
   11.4049034    
   18.5954876    
   23.3715477    
   46.3348312    
   53.3117752    
   89.1694794    
   88.2499847    
   91.1212158    
   108.842636    
   80.3281403    
   58.3813400    
   31.8067665    
   20.1486816    
   21.0021191    
   21.1887951    
   15.8401794    
   11.1840487    
   11.8699903    
   9.21547318    
   13.7071333    
   13.2456570    
   15.1662836    
   14.0964317    
   10.7012453    
   17.6362171    
   33.0387917    
   48.3289948    
   76.0702133    
   87.9593735    
   96.6035690    
   127.702255    
   108.467918    
   65.9428101    
   98.9096527    
   86.0544662    
   51.1028252    
   37.0562553    
   24.2555065    
   19.5993500    
   11.5274048    
   7.37259340    
   8.54482746    
   8.46245098    
   7.88936472    
   7.41135979    
   7.51273346    
   7.04272079    
   7.56411839    
   11.3612823    
   14.7732725    
   18.3757706    
   28.6108513    
   56.1903381    
   61.3293495    
   104.105652    
   82.7228928    
   81.8610992    
   69.2936325    
   60.1621475    
   55.9566460    
   38.8075943    
   21.6366863    
   22.2207165    
   35.8316269    
   28.1223183    
   24.2549725    
   19.0178394    
   19.4380512    
   15.1027174    
   13.4291553    
   12.5066795    
   12.4708834    
   20.3789825    
   32.3079300    
   42.0987129    
   41.8626480    
   61.8205338    
   62.9836235    
   75.9526291    
   119.345970    
   161.552582    
   176.009186    
   149.659637    
   94.2243347    
   73.5884247    
   46.9818954    
   32.6212921    
   20.5110760    
   13.6507139    
   13.5528679    
   11.8423977    
   12.2491560    
   11.1279249    
   10.0357475    
   9.10818386    
   9.00623131    
   16.3559170    
   27.8369770    
   41.8278542    
   58.7848167    
   77.5184784    
   87.2473984    
   79.4687195    
   70.4721985    
   56.6820068    
   60.4029503    
   52.1048012    
   42.3115921    
   28.5678139    
   22.2652397    
   10.7186270    
   5.40756798    
   3.70087767    
   4.02681398    
   4.27934980    
   4.59127378    
   4.62060595    
   4.84609270    
   4.95785809    
   5.85885859    
   11.1050463    
   18.5891819    
   31.8444424    
   65.7546005    
   118.146645    
   161.557922    
   201.412277    
   189.342621    
   151.304398    
   93.4805984    
   76.3903503    
   61.2808800    
   44.9470978    
   28.3210201    
   16.7116566    
   10.1351738    
   6.24311447    
   6.14379263    
   5.54755306    
   7.46072388    
   6.52058935    
   5.39124346    
   5.12679958    
   5.31477118    
   12.6467438    
   24.3285542    
   38.4276199    
   55.5209656    
   67.3077850    
   72.7020493    
   78.7714157    
   83.5555038    
   76.7920914    
   56.6180992    
   44.3362770    
   38.2994347    
   28.9327850    
   21.7767906    
   11.5874510    
   7.02749014    
   4.42135811    
   4.68043709    
   4.33328629    
   6.38207340    
   6.12989092    
   5.69848633    
   5.28390884    
   7.16539574    
   15.1282196    
   27.2484837    
   44.3094902    
   59.3560982    
   75.2477112    
   88.4913330    
   94.2657928    
   101.395103    
   94.7948151    
   84.7519684    
   70.5319977    
   57.5009041    
   41.9361763    
   29.0088348    
   13.1015654    
   5.66122150    
   2.83895421    
   3.70157361    
   4.27929831    
   4.75535583    
   4.65736008    
   4.42101669    
   4.38586569    
   5.09921551    
   12.2529449    
   22.4791393    
   39.5542336    
   57.6766243    
   73.3340149    
   90.4264603    
   101.421013    
   91.0499268    
   89.7449188    
   84.7250977    
   71.9558640    
   57.6435318    
   42.3417130    
   28.8921242    
   9.35350323    
   5.38959885    
   3.08116794    
   3.96912503    
   3.87706494    
   5.83899879    
   5.83159351    
   5.74795246    
   5.46300411    
   5.69530869    
   12.5719814    
   22.5101452    
   36.1687698    
   49.6443520    
   67.2481613    
   84.0089569    
   90.6851425    
   84.3785782    
   70.0646515    
   64.4678650    
   47.9780579    
   34.0339432    
   23.6059513    
   18.7272701    
   9.83029461    
   5.48887253    
   3.68000555    
   3.74317837    
   3.91803980    
   3.97306180    
   4.43125200    
   4.82748461    
   4.85943460    
   5.22886562    
   11.4626474    
   19.5394154    
   28.0566273    
   42.9541817    
   89.9233017    
   91.5429230    
   95.5467606    
   106.578430    
   95.1786804    
   86.1379929    
   73.3468552    
   55.7075691    
   40.5286827    
   27.9505901    
   11.8000202    
   7.12628603    
   4.66282558    
   4.86771822    
   5.17866373    
   6.22985458    
   5.73227072    
   5.34487486    
   5.59101295    
   5.66317987    
   13.0747595    
   24.4573746    
   35.4290237    
   49.4666595    
   59.1236000    
   60.9099960    
   118.608643    
   152.326889    
   125.011986    
   81.5873413    
   81.7788925    
   60.9765663    
   41.1033859    
   26.4600277    
   11.1744633    
   8.54559422    
   7.34716845    
   6.92479086    
   6.68422365    
   6.47204256    
   11.2979841    
   13.1253147    
   11.2271357    
   10.6920462    
   13.0651159    
   18.7769051    
   28.2172832    
   46.1688385    
   48.1552734    
   63.5845795    
   85.2940826    
   92.4326096    
   74.7990494    
   59.6450882    
   54.6413422    
   41.0573158    
   28.1141396    
   24.3431873    
   14.8429384    
   8.82641315    
   6.06416464    
   6.70198774    
   7.10716915    
   7.93392944    
   7.29090548    
   6.50825405    
   5.99106121    
   6.25553608    
   11.2002649    
   20.5083218    
   29.9374313    
   42.4651260    
   56.2987251    
   64.9518661    
   70.5722351    
   60.4027824    
   56.5091515    
   69.1738129    
   75.5696564    
   66.5835266    
   69.1549225    
   66.6907196    
   53.5088882    
   40.2372398    
   28.3526993    
   30.9606915    
   27.8943768    
   30.2525787    
   28.1953506    
   24.3513870    
   21.8309422    
   18.7443390    
   27.4428291    
   45.2853470    
   54.6022720    
   89.3840256    
   106.748314    
   135.983383    
   129.809357    
   106.551559    
   91.0750427    
   79.6950760    
   52.2260132    
   46.2953110    
   63.7735138    
   70.3014526    
   73.4765472    
   54.4552879    
   44.8670425    
   57.2274055    
   51.4885025    
   49.0042419    
   39.9682579    
   32.1099625    
   27.5696926    
   33.1297073    
   44.2141800    
   67.3139877    
   100.513954    
   101.593506    
   69.3732834    
   60.6785431    
   51.9888611    
   56.6866989    
   51.6824989    
   55.7358894    
   44.7262535    
   47.4416504    
   37.0128174    
   24.9927235    
   14.0355005    
   6.67178011    
   3.56669092    
   3.46428657    
   3.85999775    
   5.56464863    
   5.47958851    
   5.40121365    
   5.49322510    
   7.71509361    
   15.6451206    
   26.8082848    
   39.1143990    
   54.2356110    
   68.9242325    
   88.4940262    
   90.4869385    
   84.1183929    
   72.0208359    
   69.1483078    
   53.3941841    
   50.4846420    
   42.7815323    
   27.3861141    
   12.8845806    
   6.48476696    
   3.66857982    
   3.77847052    
   4.54773235    
   5.57804871    
   5.77339411    
   5.58761692    
   5.58088684    
   6.37942791    
   13.7588806    
   24.0739727    
   36.0195007    
   52.6060753    
   68.6749725    
   82.8125763    
   88.5748138    
   78.3958435    
   183.986923    
   151.656830    
   152.937759    
   139.629425    
   93.7942657    
   54.2315712    
   41.9223518    
   29.1702175    
   19.7338829    
   19.2939301    
   17.0783653    
   18.8164520    
   16.3127995    
   15.4816408    
   13.2152977    
   11.9781847    
   20.0178833    
   34.5931587    
   51.9611588    
   64.2305679    
   83.7069626    
   98.4765701    
   90.4594345    
   74.7772980    
   73.0527344    
   55.9580612    
   38.0122719    
   36.5603294    
   33.6371498    
   24.1218719    
   11.6700306    
   6.49630308    
   4.21831608    
   4.16093779    
   4.73570395    
   4.89501810    
   5.24650097    
   5.25454044    
   5.23680782    
   7.31594515    
   14.3706989    
   24.6877117    
   32.7432289    
   40.4899597    
   30.2872620    
   44.6020317    
   49.1011276    
   134.432159    
   61.7517776    
   47.8205414    
   80.5367737    
   38.9229622    
   29.7965565    
   26.8797188    
   30.7313213    
   18.9396381    
   13.5945110    
   10.5043516    
   7.95090532    
   4.87500954    
   10.5993443    
   24.7113476    
   39.2917862    
   35.8875923    
   33.5858269    
   35.5443001    
   37.2163696    
   36.5600319    
   36.9242287    
   61.6099548    
   125.267891    
   156.086746    
   149.497025    
   132.492096    
   91.9524612    
   64.5779419    
   51.7329712    
   34.2414818    
   19.9218330    
   12.8719301    
   8.02387714    
   7.05254602    
   6.91206884    
   17.3761215    
   16.4534683    
   13.0402184    
   12.5315971    
   15.2563667    
   14.7437201    
   20.8970184    
   36.3636169    
   61.4185791    
   72.4140244    
   106.663231    
   103.148376    
   64.6445618    
   50.2836571    
   45.2285805    
   42.9528465    
   44.0584335    
   42.9762497    
   48.7358170    
   32.9660225    
   24.6313171    
   18.5895901    
   17.9646111    
   16.9119759    
   18.6405983    
   18.9521942    
   16.8295555    
   18.1141262    
   19.7757988    
   22.2174511    
   23.3914013    
   26.9437084    
   31.1679573    
   56.6842575    
   76.9934998    
   116.879791    
   173.433777    
   161.852264    
   105.477898    
   59.7501945    
   54.9783974    
   42.3481369    
   29.2417812    
   20.0254002    
   12.7615471    
   8.10746002    
   8.65848827    
   7.89747286    
   8.63421059    
   7.76947498    
   7.16140747    
   6.58624649    
   7.93599796    
   15.1913853    
   26.6320000    
   40.5625648    
   55.6759338    
   73.2753754    
   88.8504257    
   100.716156    
   105.004173    
   96.5880737    
   85.6461258    
   72.8952866    
   58.8265953    
   43.9213257    
   28.6961632    
   14.3416243    
   7.36607361    
   3.76605892    
   4.77233362    
   5.21338034    
   7.04767990    
   6.62280655    
   6.22314548    
   6.14752054    
   6.20275116    
   13.6307669    
   25.0628452    
   37.2578430    
   54.7525940    
   66.7632294    
   83.3762894    
   95.3579941    
   100.606346    
   93.1001511    
   83.2714767    
   70.8239746    
   56.8675079    
   42.9803619    
   28.0538006    
   13.2565441    
   7.29305077    
   4.42066574    
   4.11116982    
   4.53470516    
   5.46884441    
   5.69222450    
   5.43465567    
   5.28863907    
   5.59310961    
   13.1300077    
   24.5659866    
   38.2509079    
   52.8383141    
   68.3588867    
   82.9501266    
   81.3720245    
   79.7972183    
   78.4742279    
   75.4714127    
   56.8380737    
   50.2057457    
   37.8408813    
   25.7866478    
   9.08926582    
   5.14424610    
   2.63620043    
   5.10219240    
   5.89688540    
   7.84841633    
   7.32483482    
   6.53524876    
   6.37972164    
   4.55090904    
   12.2880411    
   23.0149288    
   37.1650009    
   54.1684952    
   70.2393723    
   88.3014908    
   99.8352356    
   102.774345    
   96.4078598    
   82.3506012    
   63.4770660    
   43.1552200    
   32.1501236    
   26.5375214    
   5.47988796    
   3.53628111    
   3.36042881    
   5.91336584    
   5.93371868    
   8.29421806    
   7.25652075    
   6.49135685    
   5.92620850    
   5.51472473    
   11.9022722    
   21.9663601    
   34.8070526    
   49.8135796    
   65.6954956    
   82.4402771    
   81.8139801    
   84.3150558    
   85.1760483    
   72.9219437    
   65.0972137    
   54.8133774    
   40.2172279    
   71.4489441    
   28.5755787    
   12.9021959    
   8.03310966    
   6.54023600    
   6.61748219    
   9.51936817    
   8.15884399    
   6.97875643    
   5.89165592    
   7.63851357    
   12.6431875    
   23.8057919    
   38.7798843    
   54.2465591    
   70.3744583    
   89.5014191    
   103.589317    
   106.332298    
   99.2354050    
   88.5325394    
   75.6699448    
   62.7132072    
   47.8647652    
   32.4151840    
   19.0293140    
   11.7287207    
   7.40653753    
   6.43046904    
   6.05816174    
   7.14257622    
   5.45620775    
   4.64735508    
   4.47173595    
   5.82948160    
   13.5472984    
   26.1150055    
   41.1867485    
   57.0661354    
   72.4333954    
   88.8662338    
   100.461708    
   104.203598    
   98.2739334    
   86.9336853    
   73.7333374    
   59.7972755    
   44.2918358    
   29.1878185    
   8.94484997    
   7.34738731    
   4.61419392    
   4.45394897    
   4.63662434    
   6.66163301    
   6.27465248    
   6.01846886    
   5.45975637    
   4.99018049    
   12.8824558    
   24.6610527    
   41.3969841    
   57.1816025    
   72.3124313    
   89.5343628    
   100.918152    
   104.461388    
   97.5613785    
   85.4254227    
