   97918.5938    
   97872.5469    
   97863.6797    
   97850.5000    
   97856.9688    
   97866.1016    
   97894.7109    
   97899.1172    
   97907.4531    
   97897.7500    
   97869.8984    
   97899.8516    
   97943.3594    
   97967.5312    
   97987.3281    
   98041.1719    
   98054.0781    
   98123.7656    
   98158.4141    
   98220.2969    
   98319.2656    
   98414.1172    
   98492.6562    
   98592.2500    
   98648.9141    
   98692.7812    
   98746.4375    
   98805.6094    
   98857.4375    
   98910.0234    
   98944.5312    
   98999.6172    
   99042.3984    
   99028.7109    
   99078.5625    
   99094.4766    
   99112.7734    
   99120.2344    
   99093.8594    
   99070.9297    
   99030.1094    
   99002.4688    
   98975.6562    
   98952.5312    
   98960.0000    
   98818.0156    
   98752.6875    
   98683.9375    
   98597.3906    
   98510.9453    
   98402.1406    
   98329.7188    
   98261.9922    
   98207.8984    
   98125.1719    
   98030.6406    
   97977.8438    
   97901.6172    
   97788.3594    
   97776.5156    
   97743.1250    
   97716.2734    
   97722.4062    
   97719.1484    
   97692.8125    
   97720.7031    
   97710.2031    
   97731.4844    
   97747.1875    
   97758.3359    
   97777.9766    
   97794.2734    
   97836.4297    
   97867.9844    
   97899.0312    
   97935.7656    
   97962.2891    
   97999.6250    
   98040.7188    
   98078.6953    
   98136.9922    
   98114.8281    
   98105.6719    
   98150.1719    
   98144.6328    
   98175.4922    
   98211.1641    
   98266.4922    
   98246.4844    
   98249.4531    
   98221.5469    
   98244.4062    
   98249.5234    
   98213.9062    
   98157.2344    
   98167.6328    
   98102.6250    
   98073.1641    
   98023.5078    
   97941.9453    
   97871.8750    
   97836.4219    
   97784.3203    
   97696.5625    
   97542.5391    
   97362.2891    
   97215.7812    
   97192.0625    
   97070.1172    
   97008.9219    
   96989.2266    
   96968.8438    
   96977.9609    
   97077.6094    
   97133.8281    
   97220.1875    
   97254.6875    
   97278.8438    
   97315.3438    
   97343.6562    
   97333.0938    
   97365.2578    
   97357.3125    
   97362.4688    
   97403.7266    
   97416.2578    
   97401.0000    
   97406.5000    
   97364.6953    
   97419.4766    
   97358.5391    
   97358.2734    
   97413.8203    
   97435.9531    
   97451.5625    
   97470.9219    
   97477.3828    
   97506.7344    
   97523.2812    
   97576.2266    
   97584.2656    
   97559.2656    
   97600.2109    
   97643.3672    
   97670.6250    
   97677.4688    
   97709.0859    
   97744.8516    
   97792.9609    
   97874.8438    
   97928.7656    
   97997.4141    
   98071.1406    
   98131.9297    
   98195.6641    
   98213.3281    
   98257.1484    
   98306.6797    
   98301.9922    
   98348.3125    
   98319.9297    
   98414.8203    
   98490.7891    
   98625.4062    
   98736.8125    
   98854.8516    
   98959.4062    
   99091.8359    
   99173.7812    
   99263.8750    
   99358.8984    
   99446.7656    
   99517.2188    
   99609.0391    
   99681.3906    
   99730.3594    
   99809.5156    
   99841.1250    
   99878.0469    
   99926.4453    
   99932.9688    
   99941.2188    
   99966.5781    
   99957.7109    
   99951.3438    
   99968.1250    
   99951.0938    
   99918.0781    
   99908.1328    
   99896.3750    
   99910.0938    
   99874.6094    
   99831.3750    
   99789.9922    
   99741.8516    
   99712.3516    
   99707.7656    
   99735.1328    
   99714.8828    
   99720.4453    
   99699.4453    
   99656.6484    
   99635.0000    
   99586.1094    
   99541.5234    
   99476.2812    
   99442.9688    
   99402.1562    
   99363.4766    
   99345.9531    
   99306.2266    
   99289.0781    
   99257.0469    
   99204.9844    
   99260.3438    
   99230.3125    
   99229.3594    
   99191.8125    
   99184.5000    
   99174.9062    
   99212.6250    
   99248.1250    
   99289.5859    
   99324.1562    
   99322.9609    
   99381.2344    
   99393.2500    
   99407.5156    
   99439.4141    
   99458.2656    
   99538.5781    
   99626.7344    
   99693.0078    
   99736.3750    
   99774.6406    
   99818.8984    
   99845.2578    
   99883.8672    
   99909.5391    
   99988.2812    
   100017.477    
   100058.047    
   100114.570    
   100165.172    
   100242.828    
   100303.461    
   100366.867    
   100425.336    
   100468.586    
   100469.266    
   100518.672    
   100542.867    
   100580.398    
   100607.609    
   100642.188    
   100661.328    
   100678.328    
   100696.203    
   100688.070    
   100694.281    
   100683.281    
   100682.625    
   100706.227    
   100693.906    
   100682.156    
   100661.656    
   100650.383    
   100622.070    
   100588.117    
   100612.297    
   100621.445    
   100644.547    
   100610.312    
   100505.547    
   100466.062    
   100457.289    
   100412.430    
   100379.086    
   100363.305    
   100311.234    
   100257.750    
   100236.703    
   100184.461    
   100147.453    
   100102.742    
   99999.0781    
   99962.4219    
   99920.8203    
   99877.7812    
   99730.0156    
   99751.9766    
   99665.4766    
   99454.3750    
   99435.2578    
   99314.0391    
   99177.9922    
   99069.4375    
   98861.9375    
   98615.8984    
   98342.9609    
   98160.8594    
   98003.4219    
   97915.3203    
   97811.7031    
   97738.2422    
   97637.4531    
   97512.3516    
   97451.4375    
   97270.1484    
   97165.3281    
   97065.0234    
   96919.4219    
   96744.0312    
   96653.0391    
   96552.9453    
   96461.4766    
   96255.3984    
   96116.2031    
   95970.2422    
   95876.3203    
   95724.5781    
   95604.9062    
   95497.8906    
   95420.3672    
   95360.8438    
   95337.2578    
   95391.2500    
   95438.4766    
   95495.7266    
   95581.4375    
   95678.3516    
   95814.2031    
   95920.8594    
   96002.7266    
   96075.6484    
   96169.7656    
   96229.3047    
   96266.3906    
   96332.5234    
   96374.0078    
   96427.7344    
   96507.6875    
   96614.5391    
   96703.5469    
   96810.2812    
   96927.7578    
   97010.1719    
   97159.2031    
   97295.5859    
   97417.1094    
   97535.1719    
   97611.6641    
   97734.3203    
   97820.8281    
   97878.8672    
   97955.5391    
   97949.1016    
   98060.5078    
   98140.4844    
   98208.0078    
   98275.4141    
   98258.4141    
   98377.3750    
   98419.1719    
   98531.8750    
   98563.1484    
   98604.3125    
   98685.5156    
   98715.4766    
   98716.3438    
   98667.3750    
   98703.7656    
   98674.1406    
   98650.2266    
   98644.9844    
   98603.8438    
   98558.6328    
   98471.0547    
   98392.7578    
   98276.2969    
   98175.2500    
   97992.1406    
   97890.3047    
   97795.0781    
   97702.1250    
   97483.8125    
   97385.6875    
   97235.6719    
   97102.2031    
   97020.0312    
   96914.2266    
   96827.2891    
   96744.5625    
   96682.3984    
   96569.3359    
   96523.5078    
   96463.0703    
   96407.0078    
   96424.4688    
   96403.9844    
   96393.2344    
   96391.3750    
   96411.5000    
   96472.5000    
   96487.3828    
   96568.9766    
   96618.2109    
   96694.4453    
   96814.2812    
   96878.1328    
   97042.8359    
   97175.5781    
   97334.7812    
   97502.5000    
   97642.4922    
   97785.0000    
   97928.6406    
   98132.0469    
   98253.2031    
   98415.9141    
   98549.0000    
   98699.1797    
   98818.1484    
   98931.9609    
   99069.1406    
   99102.5703    
   99190.1016    
   99285.4219    
   99355.3672    
   99366.8906    
   99412.6719    
   99481.0469    
   99464.8047    
   99473.9062    
   99514.0000    
   99490.6484    
   99520.4688    
   99473.7344    
   99457.1719    
   99412.9688    
   99409.9844    
   99359.8672    
   99309.3906    
   99290.8906    
   99229.7500    
   99176.7891    
   99181.2969    
   99126.8125    
   99085.7812    
   99034.5781    
   98984.1719    
   98924.4219    
   98856.5938    
   98788.7734    
   98735.0625    
   98667.2344    
   98618.2266    
   98536.1250    
   98506.5234    
   98466.5938    
   98425.5312    
   98398.0156    
   98354.9922    
   98346.3359    
   98312.8125    
   98240.3281    
   98194.6562    
   98176.8828    
   98122.3203    
   98065.5312    
   98030.2891    
   98012.3828    
   97968.7031    
   97964.8594    
   97913.1875    
   97935.7969    
   97902.0000    
   97928.4219    
   97933.9375    
   97892.5625    
   97883.4141    
   97847.5859    
   97842.7734    
   97809.4219    
   97784.5859    
   97750.3359    
   97717.4219    
   97684.8359    
   97648.5234    
   97607.8594    
   97572.0391    
   97542.4531    
   97540.2969    
   97489.1875    
   97486.1406    
   97477.4531    
   97458.9844    
   97511.8594    
   97552.2812    
   97596.0703    
   97645.6797    
   97710.0938    
   97703.9219    
   97735.5312    
   97731.0000    
   97782.6641    
   97838.6953    
   97878.5625    
   97945.7500    
   98032.2969    
   98119.4219    
   98189.3281    
   98302.1172    
   98357.2344    
   98443.4219    
   98519.1562    
   98620.6797    
   98693.1953    
   98783.7422    
   98855.0312    
   98926.0078    
   99024.8438    
   99105.1719    
   99188.1562    
   99259.3594    
   99359.0469    
   99425.9453    
   99527.8984    
   99591.3047    
   99655.0391    
   99778.3281    
   99853.1719    
   99961.2734    
   100060.805    
   100168.203    
   100264.906    
   100375.016    
   100457.664    
   100511.320    
   100601.812    
   100679.797    
   100734.234    
   100852.656    
   100930.625    
   101017.766    
   101029.812    
   101052.594    
   101097.336    
   101148.742    
   101176.219    
   101226.781    
   101273.227    
   101316.273    
   101308.859    
   101317.234    
   101306.305    
   101306.570    
   101308.031    
   101323.547    
   101341.820    
   101330.633    
   101268.156    
   101234.078    
   101181.148    
   101170.945    
   101137.234    
   101142.250    
   101093.047    
   101050.086    
   101008.312    
   100962.664    
   100903.945    
   100828.398    
   100714.094    
   100687.406    
   100607.297    
   100532.016    
   100454.461    
   100402.062    
   100330.688    
   100278.797    
   100226.031    
   100122.820    
   100040.344    
   99969.6797    
   99827.3125    
   99775.0000    
   99664.0078    
   99627.0703    
   99573.8672    
   99517.1797    
   99433.3359    
   99407.6641    
   99389.2500    
   99302.5859    
   99255.4922    
   99230.6250    
   99189.0625    
   99167.2578    
   99124.2344    
   99163.9844    
   99103.9531    
   99128.2500    
   99148.9297    
   99135.8281    
   99159.7969    
   99186.7266    
   99191.5078    
   99231.7656    
   99280.9219    
   99279.5781    
   99285.3672    
   99319.4062    
   99297.4141    
   99337.1719    
   99359.6016    
   99360.0938    
   99370.4219    
   99385.2969    
   99376.2500    
   99409.8516    
   99391.8438    
   99346.5469    
   99397.2188    
   99387.0625    
   99331.1953    
   99334.1406    
   99337.1406    
   99300.1250    
   99319.7734    
   99281.1719    
   99272.6484    
   99233.1250    
   99172.9375    
   99106.3438    
   99099.5547    
   99047.9062    
   99035.8594    
   99004.5312    
   98988.7578    
   98938.0469    
   98906.1016    
   98840.8203    
   98799.2344    
   98774.5547    
   98693.6250    
   98672.2500    
   98632.6719    
   98562.7969    
   98493.1719    
   98443.0859    
   98406.5234    
   98386.5625    
   98351.8125    
   98334.7500    
   98321.0156    
   98285.0781    
   98263.9766    
   98213.8828    
   98228.4922    
   98235.0391    
   98189.0234    
   98186.5391    
   98179.7344    
   98186.0625    
   98188.4375    
   98193.5469    
   98176.7266    
   98190.5547    
   98175.0859    
   98174.4922    
   98181.6719    
   98167.1875    
   98162.5938    
   98159.0938    
   98155.5859    
   98170.6953    
   98196.7188    
   98241.9375    
   98254.2734    
   98275.1172    
   98266.7734    
   98281.3750    
   98298.9844    
   98329.6406    
   98305.9297    
   98351.5859    
   98343.5078    
   98294.9844    
   98288.1328    
   98241.3125    
   98222.6172    
   98198.6797    
   98125.8125    
   98056.0547    
   98008.6562    
   97889.3438    
   97824.2266    
   97721.6719    
   97660.7188    
   97598.1562    
   97565.7188    
   97514.2500    
   97488.7812    
   97461.7031    
   97396.6328    
   97315.4219    
   97289.2812    
   97282.4375    
   97238.3359    
   97247.4844    
   97240.9141    
   97208.8906    
   97231.2031    
   97200.4297    
   97218.5703    
   97196.6641    
   97164.3750    
   97168.6016    
   97158.3906    
   97142.5469    
   97080.1484    
   97111.6875    
   97090.2891    
   97081.2031    
   97106.6953    
   97108.6641    
   97106.3516    
   97106.0156    
   97083.9141    
   97049.6406    
   97057.1562    
   97024.5000    
   97007.5234    
   96982.1562    
   96945.9688    
   96942.0703    
   96916.5625    
   96909.1641    
   96923.0234    
   96896.4844    
   96950.1797    
   96948.7266    
   96977.5781    
   97006.3594    
   97020.6484    
   97091.3438    
   97122.4453    
   97179.3125    
   97246.5312    
   97310.1562    
   97364.9531    
   97409.3516    
   97421.9453    
   97437.6172    
   97495.3281    
   97518.6562    
   97559.5391    
   97603.7969    
   97628.6562    
   97680.2422    
   97713.8047    
   97763.4297    
   97804.5234    
   97811.0859    
   97868.1406    
   97901.0078    
   97924.1406    
   97944.3594    
   97948.0312    
   98003.3672    
   98038.5000    
   98090.5078    
   98143.5781    
   98210.3750    
   98250.4531    
   98305.9297    
   98340.6719    
   98352.3672    
   98394.2812    
   98456.2422    
   98462.2109    
   98528.0000    
   98583.2422    
   98593.4766    
   98658.7969    
   98680.0781    
   98721.3750    
   98719.3750    
   98720.3359    
   98787.9453    
   98777.0781    
   98782.7578    
   98792.9141    
   98824.7031    
   98835.2891    
   98845.8984    
   98889.1016    
   98927.0859    
   98931.1250    
   98964.6797    
   98953.2578    
   98939.3594    
   98974.7656    
   98977.6875    
   98985.1484    
   98996.9375    
   98982.2812    
   98994.9141    
   98984.1484    
   98998.4453    
   98986.3203    
   98983.0859    
   99011.2891    
   98991.6484    
   99000.6016    
   99025.6953    
   99019.4531    
   99056.5703    
   99084.6406    
   99126.1094    
   99154.0469    
   99189.5859    
   99170.7969    
   99199.6094    
   99179.3750    
   99158.4141    
   99203.9453    
   99215.4766    
   99225.8984    
   99272.7109    
   99295.0859    
   99297.1484    
   99330.2500    
   99333.9219    
   99343.7578    
   99329.6562    
   99297.1016    
   99298.2734    
   99346.9766    
   99343.4688    
   99316.5078    
   99306.3594    
   99291.3359    
   99278.9141    
   99264.6484    
   99264.9219    
   99227.4375    
   99203.6719    
   99104.2344    
   99024.4062    
   98979.2656    
   98925.6875    
   98913.5000    
   98874.7812    
   98838.3984    
   98816.6641    
   98758.4609    
   98695.1016    
   98650.3125    
   98579.1172    
   98444.7188    
   98420.0781    
   98388.2422    
   98303.3984    
   98222.7031    
   98197.0391    
   98144.8438    
   98126.4688    
   98122.6719    
   98137.1641    
   98132.6094    
   98142.5156    
   98148.4219    
   98115.6719    
   98137.6875    
   98168.2109    
   98156.9844    
   98211.6953    
   98213.0312    
   98220.7188    
   98215.5625    
   98214.7578    
   98249.0078    
   98221.4688    
   98190.1641    
   98202.9688    
   98183.0859    
   98112.7422    
   98074.5234    
   98064.9219    
   98045.3047    
   97993.3750    
   97992.4297    
   98022.7422    
   97970.7109    
   98002.5547    
   98008.1719    
   97961.7969    
   97967.0625    
   97946.9141    
   97949.9531    
   97936.0781    
   97932.1016    
   97947.5234    
   97972.2344    
   97980.9141    
   97971.0625    
   98010.0156    
   98018.5859    
   98067.3750    
   98127.5859    
   98152.7422    
   98135.0156    
   98234.9844    
   98284.6641    
   98309.3516    
   98354.9062    
   98426.8828    
   98445.5156    
   98448.9219    
   98468.1406    
   98445.3672    
   98455.7266    
   98491.1406    
   98477.2578    
   98507.5703    
   98475.6562    
   98484.0078    
   98488.0000    
   98484.3828    
   98493.0078    
   98477.7578    
   98516.8594    
   98537.0078    
   98540.5156    
   98499.4688    
   98524.2266    
   98530.7031    
   98545.7891    
   98535.6094    
   98578.4688    
   98593.8438    
   98642.3984    
   98641.6328    
   98623.0938    
   98606.1953    
   98629.4375    
   98676.9219    
   98675.5547    
   98703.9688    
   98724.9453    
   98729.2812    
   98735.2812    
   98718.0000    
   98721.4688    
   98722.0625    
   98715.9219    
   98689.2578    
   98689.1562    
   98631.8047    
   98600.3281    
   98534.7578    
   98515.0938    
   98460.4141    
   98432.9297    
   98392.3203    
   98367.7969    
   98336.4375    
   98332.5547    
   98355.2031    
   98378.0234    
   98452.4688    
   98494.0000    
   98539.7500    
   98575.8828    
   98624.1953    
   98625.3750    
   98653.3516    
   98653.2422    
   98691.1562    
   98631.8438    
   98638.7188    
   98656.4609    
   98649.7969    
   98616.1250    
   98609.6562    
   98599.2969    
   98595.0391    
   98604.2344    
   98615.6797    
   98618.9141    
   98603.1875    
   98618.4766    
   98610.4922    
   98624.4844    
   98619.2734    
   98675.9766    
   98721.0781    
   98760.4531    
   98799.3125    
   98819.2812    
   98862.2969    
   98884.4141    
   98937.8906    
   98950.3672    
   98986.8125    
   99002.2422    
   99035.3516    
   99037.5859    
   99050.5078    
   99099.6172    
   99108.5234    
   99157.7969    
   99196.5156    
   99280.8906    
   99334.5938    
   99364.7812    
   99410.7734    
   99434.8203    
   99515.7656    
   99580.3906    
   99631.9297    
   99657.0234    
   99703.1016    
   99724.6562    
   99740.7109    
   99731.3125    
   99734.6172    
   99675.5781    
   99715.4219    
   99712.5703    
   99710.8594    
   99724.1562    
   99760.9844    
   99783.3594    
   99790.4609    
   99822.9453    
   99874.1797    
   99898.1172    
   99946.6094    
   99952.0625    
   99942.2656    
   99951.4062    
   99961.6875    
   99946.7500    
   99952.4062    
   99933.6406    
   99902.6953    
   99870.0469    
   99843.4922    
   99796.8828    
   99777.7188    
   99698.7031    
   99720.1484    
   99674.0156    
   99630.8984    
   99592.3047    
   99560.8750    
   99525.2422    
   99527.5859    
   99507.7266    
   99525.1562    
   99527.5703    
   99523.4844    
   99463.2656    
   99432.6641    
   99458.2188    
   99450.4375    
   99443.2109    
   99459.7812    
   99473.2422    
   99482.2266    
   99506.3672    
   99522.4297    
   99558.8984    
   99569.8672    
   99553.5703    
   99587.2266    
   99584.1406    
   99624.6719    
   99651.2969    
   99698.2188    
   99728.8047    
   99732.9531    
   99768.7266    
   99801.2812    
   99829.3750    
   99865.1562    
   99828.5703    
   99853.6250    
   99868.6719    
   99901.9375    
   99898.0312    
   99912.1328    
   99938.3672    
   99931.3984    
   99942.8750    
   99936.6328    
   99962.0625    
   99969.2578    
   99914.0078    
   99935.3203    
   99914.1562    
   99897.5547    
   99833.7188    
   99811.7031    
   99781.5703    
   99753.2656    
   99753.8750    
   99723.7578    
   99693.9531    
   99668.0703    
   99605.6953    
   99558.8516    
   99494.9844    
   99443.2031    
   99396.5547    
   99349.3203    
   99297.0469    
   99229.6094    
   99183.1797    
   99098.2188    
   99026.7031    
   98948.1875    
   98862.8594    
   98816.2188    
   98712.4844    
   98614.7578    
   98488.6328    
   98385.1250    
   98274.6875    
   98201.5547    
   98104.7188    
   97948.3828    
   97875.3516    
   97785.4609    
   97693.1719    
   97545.8594    
   97406.5312    
   97276.2734    
   97134.1484    
   97005.2031    
   96957.4844    
   96890.7969    
   96816.6328    
   96717.1094    
   96630.0391    
   96538.0312    
   96501.9297    
   96449.5469    
   96456.9375    
   96428.5703    
   96487.8750    
   96534.2031    
   96566.6875    
   96601.6953    
   96662.3438    
   96752.0625    
   96844.2109    
   96943.3203    
   97001.4375    
   97123.3672    
   97243.9453    
   97359.1641    
   97447.9766    
   97571.6484    
   97625.4766    
   97693.6641    
   97760.9531    
   97832.4062    
   97876.5469    
   97907.1875    
   97913.4062    
   97951.0938    
   98017.8125    
   98045.6562    
   98033.2031    
   98022.6562    
   97997.4531    
   97967.9297    
   97960.4922    
   97929.3906    
   97844.8047    
   97765.6172    
   97647.5781    
   97487.9062    
   97376.4531    
   97224.5859    
   97145.8594    
   97148.9844    
   97155.0312    
   97166.8906    
   97168.5859    
   97157.6719    
   97109.1484    
   97080.0625    
   97054.2500    
   97014.4922    
   96957.1250    
   96962.7969    
   96960.8125    
   96989.9922    
   97037.6562    
   97091.9453    
   97177.2344    
   97298.0938    
   97474.1406    
   97650.5234    
   97741.7578    
   97849.7969    
   97952.5547    
   98009.1250    
   98089.9375    
   98134.0938    
   98142.8359    
   98148.4141    
   98153.1562    
   98098.5234    
   98086.5625    
   98066.9141    
   98017.7969    
   98021.9297    
   98032.7344    
   97989.7344    
   97963.2578    
   97941.3984    
   97946.4219    
   97936.7344    
   97931.5156    
   97942.6406    
   97946.6328    
   97955.8672    
   97958.8203    
   97913.1016    
   97910.5312    
   97880.5625    
   97862.9609    
   97809.2656    
   97767.5625    
   97716.6797    
   97672.4609    
   97595.8828    
   97567.1562    
   97500.8906    
   97447.5234    
   97417.1016    
   97371.6250    
   97351.7734    
   97296.5078    
   97282.1172    
   97261.1719    
   97262.4219    
   97347.7109    
   97394.9219    
   97532.1172    
   97565.0156    
   97618.8438    
   97592.1094    
   97611.0625    
   97577.7109    
   97546.2500    
   97541.5391    
   97508.5469    
   97533.4141    
   97570.8750    
   97620.1094    
   97695.2422    
   97744.9375    
   97815.6719    
   97859.6250    
   97860.6641    
   97917.6094    
   97957.2109    
   97973.1875    
   98004.7422    
   98059.4531    
   98138.3359    
   98212.9453    
   98290.3359    
   98374.4531    
   98485.6641    
   98557.7812    
   98647.0156    
   98784.0625    
   98856.8750    
   98959.3438    
   99044.0625    
   99122.8438    
   99216.3984    
   99270.2266    
   99364.3594    
   99423.6797    
   99494.8594    
   99581.1016    
   99634.3047    
   99676.8984    
   99712.7891    
   99754.8203    
   99834.5547    
   99918.9844    
   99979.7109    
   100036.398    
   100098.547    
   100110.328    
   100094.453    
   100172.477    
   100167.523    
   100147.672    
   100114.508    
   100122.891    
   100139.578    
   100145.688    
   100161.508    
   100173.219    
   100166.258    
   100143.445    
   100107.305    
   100091.617    
   100076.016    
   100052.750    
   100053.695    
   100023.172    
   99988.6484    
   99974.1172    
   99969.0391    
   99955.6875    
   99941.3906    
   99895.4844    
   99807.2188    
   99794.8750    
   99716.6719    
   99647.4844    
   99603.2891    
   99601.1172    
   99574.8672    
   99589.7344    
   99601.6172    
   99579.3906    
   99564.5703    
   99517.6328    
   99508.5156    
   99509.8047    
   99512.5078    
   99517.9609    
   99525.9297    
   99556.3281    
   99575.3672    
   99635.4844    
   99694.6328    
   99766.9922    
   99822.5234    
   99850.7109    
   99907.0859    
   99934.5000    
   99970.1484    
   99992.4844    
   100021.273    
   100085.984    
   100149.875    
   100180.875    
   100239.031    
   100276.773    
   100327.930    
   100377.297    
   100447.516    
   100519.922    
   100581.656    
   100624.867    
   100677.469    
   100737.758    
   100838.148    
   100910.797    
   100994.672    
   101064.812    
   101108.164    
   101128.453    
   101122.891    
   101148.352    
   101189.547    
   101228.148    
   101272.969    
   101297.773    
   101315.750    
   101328.859    
   101342.766    
   101304.703    
   101309.039    
   101286.195    
   101281.383    
   101289.844    
   101278.180    
   101284.008    
   101267.914    
   101265.312    
   101263.477    
   101286.742    
   101312.836    
   101308.594    
   101329.289    
   101319.180    
   101281.539    
   101266.836    
   101235.945    
   101229.219    
   101205.164    
   101176.906    
   101211.742    
   101215.664    
   101256.938    
   101234.586    
   101242.789    
   101218.188    
   101217.328    
   101249.461    
   101238.984    
   101216.211    
   101187.883    
   101176.773    
   101183.484    
   101183.227    
   101182.609    
   101202.641    
   101189.336    
   101180.195    
   101092.484    
   101069.438    
   101046.781    
   101018.203    
   100957.555    
   100933.781    
   100919.383    
   100887.164    
   100895.055    
   100865.906    
   100856.750    
   100839.562    
   100809.938    
   100802.961    
   100762.133    
   100738.383    
   100674.031    
   100627.523    
   100572.133    
   100554.188    
   100540.266    
   100511.391    
   100449.445    
   100399.320    
   100282.133    
   100192.742    
   100155.289    
   100076.898    
   100010.188    
   99920.2734    
   99906.3047    
   99811.6172    
   99761.9688    
   99700.5312    
   99653.2500    
   99606.7266    
   99538.8594    
   99512.5547    
   99433.3125    
   99370.0547    
   99313.4062    
   99241.3906    
   99205.9453    
   99163.9219    
   99168.9062    
   99113.4609    
   99086.2656    
   99051.7344    
   99004.0547    
   98977.3672    
   98967.1484    
   98933.4688    
   98939.5781    
   98902.3828    
   98929.4531    
   98909.2031    
   98945.3906    
   98942.5859    
   98966.2422    
   98967.2422    
   98920.2734    
   98953.7734    
   98958.1406    
   98976.2969    
   98951.8359    
   98941.8359    
   98968.5859    
   99015.5234    
   99037.7656    
   99083.6016    
   99100.4688    
   99094.4062    
   99118.1094    
   99038.8047    
   99058.6953    
   99094.1172    
   99100.0547    
   99120.0000    
   99142.0078    
   99136.2109    
   99166.7109    
   99168.8750    
   99178.7266    
   99178.6875    
   99165.4844    
   99170.5781    
   99187.0859    
   99198.2969    
   99184.7344    
   99219.0312    
   99243.0156    
   99257.8906    
   99320.5156    
   99338.1484    
   99385.4297    
   99385.6094    
   99427.9531    
   99424.6016    
   99452.0625    
   99502.1406    
   99500.0312    
   99553.6641    
   99593.7969    
   99600.2188    
   99627.1484    
   99624.2109    
   99645.9453    
   99647.7031    
   99613.1406    
   99622.9844    
   99617.0781    
   99609.5938    
   99578.0547    
   99557.5781    
   99554.0938    
   99462.2188    
   99461.1172    
   99420.8125    
   99374.1094    
   99312.5000    
   99186.1094    
   99085.5312    
   99030.8047    
   98953.3438    
   98881.8984    
   98866.5000    
   98866.9688    
   98816.3594    
   98835.3125    
   98795.6797    
   98807.2812    
   98769.1875    
   98780.0547    
   98770.3984    
   98741.4219    
   98737.6641    
   98694.9844    
   98719.3594    
   98714.8438    
   98715.7969    
   98720.3672    
   98747.2734    
   98750.4844    
   98745.1953    
   98762.2500    
   98721.1406    
   98742.1562    
   98732.6406    
   98749.7734    
   98785.7031    
   98803.1406    
   98805.9219    
   98838.4453    
   98848.7500    
   98882.3594    
   98906.2344    
   98924.3281    
   98988.3281    
   99017.8359    
   99032.7188    
   99086.2188    
   99131.0000    
   99178.6875    
   99211.2031    
   99282.8672    
   99355.9531    
   99421.3281    
   99467.2812    
   99538.7109    
   99553.4297    
   99601.6094    
   99626.6641    
   99696.9531    
   99747.2188    
   99807.7188    
   99854.0781    
   99906.9609    
   99907.6797    
   99963.4297    
   99970.8125    
   99973.9609    
   99982.3906    
   100006.031    
   100023.898    
   100066.172    
   100105.625    
   100164.961    
   100188.141    
   100262.742    
   100288.922    
   100335.406    
   100345.766    
   100367.758    
   100406.250    
   100442.633    
   100490.484    
   100545.703    
   100563.469    
   100672.164    
   100719.688    
   100815.484    
   100887.477    
   100936.359    
   100990.750    
   101026.258    
   101075.930    
   101125.836    
   101178.445    
   101207.219    
   101276.234    
   101325.945    
   101358.031    
   101414.531    
   101446.344    
   101450.930    
   101452.734    
   101400.266    
   101395.758    
   101401.133    
   101392.789    
   101367.484    
   101371.945    
   101393.172    
   101362.922    
   101402.570    
   101397.602    
   101417.812    
   101407.141    
   101375.344    
   101337.211    
   101321.016    
   101303.234    
   101290.484    
   101279.555    
   101233.141    
   101203.164    
   101192.109    
   101163.078    
   101103.484    
   101049.438    
   100967.211    
   100867.234    
   100786.633    
   100711.266    
   100628.703    
   100568.883    
   100541.320    
   100501.102    
   100459.477    
   100409.297    
   100371.445    
   100326.078    
   100244.727    
   100213.852    
   100152.516    
   100143.125    
   100094.156    
   100069.125    
   100059.086    
   100052.188    
   100045.336    
   100050.656    
   100074.211    
   100080.055    
   100125.641    
   100152.648    
   100150.844    
   100186.234    
   100220.141    
   100221.461    
   100289.859    
   100338.133    
   100382.781    
   100409.125    
   100443.039    
   100473.906    
   100564.406    
   100576.289    
   100558.164    
   100593.438    
   100574.977    
   100620.781    
   100616.562    
   100635.055    
   100641.227    
   100682.188    
   100648.125    
   100648.578    
   100600.070    
   100555.727    
   100509.672    
   100477.836    
   100443.695    
   100392.492    
   100360.258    
   100332.023    
   100320.312    
   100310.758    
   100286.812    
   100270.516    
   100261.727    
   100256.898    
   100235.234    
   100228.477    
   100229.648    
   100256.562    
   100276.141    
   100281.578    
   100293.172    
   100315.484    
   100294.523    
   100321.500    
   100328.289    
   100300.422    
   100308.961    
   100322.688    
   100311.000    
   100343.695    
   100407.680    
   100439.320    
   100508.094    
   100557.914    
   100637.797    
   100735.062    
   100762.953    
   100850.953    
   100919.695    
   100957.094    
   101004.438    
   101080.633    
   101135.797    
   101182.109    
   101212.688    
   101264.789    
   101252.578    
   101282.914    
   101254.484    
   101219.781    
   101225.984    
   101235.109    
   101204.133    
   101215.445    
   101238.156    
   101238.766    
   101264.883    
   101276.906    
   101319.680    
   101348.797    
   101324.180    
   101382.781    
   101405.602    
   101423.500    
   101421.102    
   101451.812    
   101496.938    
   101484.719    
   101547.781    
   101588.586    
   101598.453    
   101581.930    
   101573.812    
   101530.914    
   101544.203    
   101549.508    
   101527.758    
   101556.008    
   101594.102    
   101655.281    
   101671.258    
   101702.219    
   101718.062    
   101740.273    
   101748.211    
   101798.156    
   101825.398    
   101843.266    
   101857.156    
   101924.281    
   101968.305    
   102015.000    
   102063.508    
   102101.031    
   102093.898    
   102122.688    
   102097.281    
   102088.570    
   102074.086    
   102042.961    
   102031.547    
   102058.070    
   102079.297    
   102102.148    
   102109.289    
   102137.344    
   102152.438    
   102178.344    
   102172.297    
   102208.219    
   102190.273    
   102201.453    
   102185.781    
   102222.672    
   102229.641    
   102223.531    
   102231.648    
   102228.695    
   102199.031    
   102147.508    
   102102.500    
   102061.734    
   102021.281    
   101988.727    
   101937.477    
   101922.086    
   101914.250    
   101935.852    
   101954.078    
   101955.820    
   101940.445    
   101939.711    
   101897.609    
   101912.250    
   101940.570    
   101954.500    
   101935.867    
   101964.734    
   102002.727    
   102011.562    
   102063.875    
   102075.812    
   102076.742    
   102074.891    
   102041.922    
   102069.859    
   102057.414    
   102053.344    
   102012.141    
   101993.828    
   101992.367    
   101987.797    
   102002.117    
   102016.570    
   102015.617    
   102005.117    
   101982.359    
   101956.680    
   101934.453    
   101953.375    
   101889.258    
   101880.578    
   101831.070    
   101789.383    
   101761.367    
   101719.102    
   101663.656    
   101596.422    
   101504.531    
   101417.172    
   101366.969    
   101322.102    
   101267.641    
   101215.375    
   101217.461    
   101218.180    
   101234.797    
   101242.461    
   101255.203    
   101239.578    
   101224.797    
   101248.227    
   101260.508    
   101257.141    
   101222.211    
   101223.891    
   101218.703    
   101227.961    
   101214.664    
   101183.516    
   101180.406    
   101173.945    
   101126.773    
   101138.062    
   101129.438    
   101110.859    
   101085.555    
   101132.000    
   101163.453    
   101189.203    
   101228.672    
   101267.008    
   101302.039    
   101318.867    
   101309.820    
   101321.336    
   101325.414    
   101286.453    
   101280.875    
   101225.141    
   101233.211    
   101203.609    
   101194.125    
   101164.062    
   101133.273    
   101106.883    
   101051.312    
   101022.219    
   100965.531    
   100949.336    
   100909.758    
   100870.375    
   100856.141    
   100843.891    
   100856.523    
   100868.477    
   100861.422    
   100876.086    
   100839.727    
   100859.992    
   100848.227    
   100846.562    
   100799.805    
   100765.297    
   100767.906    
   100715.508    
   100704.547    
   100677.078    
   100640.094    
   100595.992    
   100506.859    
   100450.766    
   100379.703    
   100326.516    
   100243.656    
   100182.430    
   100130.258    
   100107.484    
   100077.422    
   100023.844    
   99990.0234    
   99942.3828    
   99880.7344    
   99822.8906    
   99775.4062    
   99715.9688    
   99662.0547    
   99627.6250    
   99597.8594    
   99575.0547    
   99571.0547    
   99574.3438    
   99578.0078    
   99572.4219    
   99543.2344    
   99536.6172    
   99567.8438    
   99566.5625    
   99559.2266    
   99564.3516    
   99607.4453    
   99627.6484    
   99670.2344    
   99688.5547    
   99731.2500    
   99750.8047    
   99732.0312    
   99756.7031    
   99752.5469    
   99741.3750    
   99742.2891    
   99770.8438    
   99783.7266    
   99798.1875    
   99800.7500    
   99830.0547    
   99827.3516    
   99809.2031    
   99778.8125    
   99738.1719    
   99689.2031    
   99665.2500    
   99602.6719    
   99556.9844    
   99516.1250    
   99458.2500    
   99395.7344    
   99306.8359    
   99235.7734    
   99132.5469    
   98977.6406    
   98863.1562    
   98699.6016    
   98511.0000    
   98398.8828    
   98259.7344    
   98116.4297    
   97954.4062    
   97816.6641    
   97627.3359    
   97471.6562    
   97323.6328    
   97296.3359    
   97224.4297    
   97242.2422    
   97266.9375    
   97260.4141    
   97218.6719    
   97195.5391    
   97181.9922    
   97172.2109    
   97128.0547    
   97112.3281    
   97128.6562    
   97189.9453    
   97242.8984    
   97284.0391    
   97306.6641    
   97367.5781    
   97439.7656    
   97532.8438    
   97630.4531    
   97750.9219    
   97855.5156    
   97960.0781    
   98047.5156    
   98240.4922    
   98349.2109    
   98410.7109    
   98532.6797    
   98614.5391    
   98674.5703    
   98772.7422    
   98836.2500    
   98931.6094    
   98999.9375    
   99049.4375    
   99103.6484    
   99096.6953    
   99100.2031    
   99130.8672    
   99126.9297    
   99112.2656    
   99075.7734    
   99048.8828    
   98972.8281    
   98841.2109    
   98740.7031    
   98576.2344    
   98400.0391    
   98177.9453    
   97985.7266    
   97769.4375    
   97590.5547    
   97435.1250    
   97308.9297    
   97130.8906    
   96995.0234    
   96853.6641    
   96879.0312    
   96898.4766    
   96930.7266    
   96983.0625    
   97054.2266    
   97078.8906    
   97115.1250    
   97121.4844    
   97137.8359    
   97198.8672    
   97248.0625    
   97289.3828    
   97348.7422    
   97413.2656    
   97465.5312    
   97530.0234    
   97566.5625    
   97595.0859    
   97614.2969    
   97639.2500    
   97667.3516    
   97726.4688    
   97790.5391    
   97829.6250    
   97876.8750    
   97911.9453    
   97936.7188    
   97954.6562    
   98013.9297    
   98068.4531    
   98135.5781    
   98165.9062    
   98240.9766    
   98327.1172    
   98363.2656    
   98432.5547    
   98507.1562    
   98561.7188    
   98565.0312    
   98611.7969    
   98585.9375    
   98610.6406    
   98593.4531    
   98613.2188    
   98622.9453    
   98665.9531    
   98712.8984    
   98752.5625    
   98767.5938    
   98774.6875    
   98818.0781    
   98817.4219    
   98802.1484    
   98830.3828    
   98856.6328    
   98861.4531    
   98896.2266    
   98928.9609    
   98931.7812    
   98952.6719    
   98999.2891    
   98981.1328    
   98978.8438    
   98917.9062    
   98862.7031    
   98849.6250    
   98855.4062    
   98831.7656    
   98824.7422    
   98825.5078    
   98829.0938    
   98874.1328    
   98864.1406    
   98891.3750    
   98918.3281    
   98942.5000    
   98966.4531    
   98966.7031    
   99009.6484    
   99008.2188    
   99040.9375    
   99071.5234    
   99088.0859    
   99093.5234    
   99097.7812    
   99114.0625    
   99093.5547    
   99064.9219    
   98987.5312    
   98938.9453    
   98903.6875    
   98854.3750    
   98848.5547    
   98884.4141    
   98845.7891    
   98814.7969    
   98764.9375    
   98752.5938    
   98708.8984    
   98626.0078    
   98559.5234    
   98514.5078    
   98434.4688    
   98422.2969    
   98412.4453    
   98391.2500    
   98345.2188    
   98285.6484    
   98223.1641    
   98146.3281    
   98064.0469    
   97988.2109    
   97934.6953    
   97859.8438    
   97792.2578    
   97760.1875    
   97686.6875    
   97608.6016    
   97536.5000    
   97413.0000    
   97358.6719    
   97264.7500    
   97190.1719    
   97131.7891    
   97117.6562    
   97075.7031    
   97059.6562    
   97046.6250    
   97038.9766    
   97057.3984    
   97099.4141    
   97174.8359    
   97253.9141    
   97334.0078    
   97414.0469    
   97498.3594    
   97545.0469    
   97600.0547    
   97658.1406    
   97709.4531    
   97769.0938    
   97833.1719    
   97915.9141    
   97963.5078    
   98034.7969    
   98062.5000    
   98101.9453    
   98134.7969    
   98134.4062    
   98141.2188    
   98193.6641    
   98219.7969    
   98258.8281    
   98281.3359    
   98317.7500    
   98345.0078    
   98359.1016    
   98364.6094    
   98367.9609    
   98267.1484    
   98253.1406    
   98292.6016    
   98304.7891    
   98304.7656    
   98327.1875    
   98335.7891    
   98370.6562    
   98378.4531    
   98401.1016    
   98383.7188    
   98380.3438    
   98334.8125    
   98316.6406    
   98330.6172    
   98268.0156    
   98260.5938    
   98228.4453    
   98222.8672    
   98166.9297    
   98148.8828    
   98129.8984    
   98095.2188    
   98061.1484    
   97963.2812    
   97925.9844    
   97889.1172    
   97826.0234    
   97801.2969    
   97775.7109    
   97754.2656    
   97704.5938    
   97648.6953    
   97574.7969    
   97501.0391    
   97420.0703    
   97368.6875    
   97348.7031    
   97373.5000    
   97419.6641    
   97462.4609    
   97564.9219    
   97671.9062    
   97771.3125    
   97864.1406    
   97926.9844    
   97980.8594    
   98009.9375    
   97961.7031    
   97959.7969    
   97942.2344    
   97955.3438    
   97960.4297    
   97955.5547    
   98021.7422    
   98131.9531    
   98260.4297    
   98337.3828    
   98413.0078    
   98443.9688    
   98491.5938    
   98512.4453    
   98534.4531    
   98487.4531    
   98507.1094    
   98529.5156    
   98525.1953    
   98482.4688    
   98429.6328    
   98366.5391    
   98291.4688    
   98248.8438    
   98251.4375    
   98195.6172    
   98150.6016    
   98097.9766    
   98074.5078    
   98003.0391    
   98006.8750    
   97952.1094    
   97985.3281    
   97981.8516    
   97997.1484    
   97969.5469    
   97986.4531    
   97926.5156    
   97904.9688    
   97891.8750    
   97932.3203    
   97918.0156    
   97933.9141    
   97927.2109    
   97925.5156    
   97907.4922    
   97908.9375    
   97846.9688    
   97794.1875    
   97772.6328    
   97758.0781    
   97704.1562    
   97636.9766    
   97582.9766    
   97553.2812    
   97535.0469    
   97501.0781    
   97447.5156    
   97432.2109    
   97428.6875    
   97401.0078    
   97502.5391    
   97583.8750    
   97691.0859    
   97753.3828    
   97814.5703    
   97954.9062    
   97999.0547    
   98141.0469    
   98233.2109    
   98315.2734    
   98324.6172    
   98408.5156    
   98362.8438    
   98408.6016    
   98397.6797    
   98403.8906    
   98374.0625    
   98367.2734    
   98389.9375    
   98385.3359    
   98354.3438    
   98319.5781    
   98288.5547    
   98221.2109    
   98165.3828    
   98113.7188    
   98118.9453    
   98070.4141    
   98063.1094    
   98063.5234    
   98124.2266    
   98239.3750    
   98349.8828    
   98493.8281    
   98591.0938    
   98737.3750    
   98789.1953    
   98786.7344    
   98835.5859    
   98852.6641    
   98891.2891    
   98933.2500    
   98983.4766    
   99012.2266    
   99056.2188    
   99079.9609    
   99129.6953    
   99085.4609    
   99050.6562    
   99055.2500    
   99068.6406    
   99076.3594    
   99019.3906    
   98968.5078    
   98920.0469    
   98871.9688    
   98840.2578    
   98848.1875    
   98814.4609    
   98790.4219    
   98779.0234    
   98836.5234    
   98829.6484    
   98829.4766    
   98889.6719    
   98952.4297    
   98987.3594    
   99033.5703    
   99053.9844    
   99044.7812    
   99017.5625    
   99035.3984    
   98990.7812    
   98934.0859    
   98864.6484    
   98865.4609    
   98823.7656    
   98831.3047    
   98818.9531    
   98831.7891    
   98842.0391    
   98837.7656    
   98837.4375    
   98917.5000    
   98846.0703    
   98863.9453    
   98860.8594    
   98929.9922    
   98962.1562    
   99028.8984    
   99063.2656    
   99091.8281    
   99097.0000    
   99097.6562    
   99124.2031    
   99200.5078    
   99176.8359    
   99223.8750    
   99238.9766    
   99231.9062    
   99251.3906    
   99311.1875    
   99315.5234    
   99379.6953    
   99404.0078    
   99443.0391    
   99473.8828    
   99535.0156    
   99540.4688    
   99575.1562    
   99593.8359    
   99628.3125    
   99673.7578    
   99702.7812    
   99741.3516    
   99774.3672    
   99785.5078    
   99775.5625    
   99759.7266    
   99729.1953    
   99719.9766    
   99746.2969    
   99737.0938    
   99762.5469    
   99792.6641    
   99836.0078    
   99839.1875    
   99835.2578    
   99849.6328    
   99829.9531    
   99794.9766    
   99765.3281    
   99709.7578    
   99712.0156    
   99734.0859    
   99690.5234    
   99623.6016    
   99681.3438    
   99705.9844    
   99691.5000    
   99684.8125    
   99666.3984    
   99646.9609    
   99617.2266    
   99583.7500    
   99577.8594    
   99553.4844    
   99551.1641    
   99518.2109    
   99526.0625    
   99528.1250    
   99493.0156    
   99495.8359    
   99467.6016    
   99442.4922    
   99406.5781    
   99348.8828    
   99294.5234    
   99237.4141    
   99205.1875    
   99191.7188    
   99212.8125    
   99212.9453    
   99198.8516    
   99154.0781    
   99124.0156    
   99090.3125    
   99027.7656    
   98997.0312    
   98999.0156    
   98989.6406    
   98983.6562    
   98977.9766    
   99019.6719    
   99039.8359    
   99090.1797    
   99116.4453    
   99175.9922    
   99233.1719    
   99320.7578    
   99380.9062    
   99428.9219    
   99512.3750    
   99549.9844    
   99612.8594    
   99656.4766    
   99697.5625    
   99728.5625    
   99763.5938    
   99769.3672    
   99795.3281    
   99824.5703    
   99834.2500    
   99856.7266    
   99875.5781    
   99906.0312    
   99889.7812    
   99948.5703    
   99950.8594    
   99993.9375    
   100005.117    
   100023.578    
   100030.281    
   100115.484    
   100105.109    
   100033.727    
   100016.273    
   100015.266    
   100005.227    
   100040.719    
   100063.977    
   100053.742    
   100045.820    
   100013.203    
   100004.273    
   99977.0859    
   99955.7891    
   99942.8281    
   99923.6016    
   99912.0312    
   99923.3125    
   99912.1094    
   99877.1172    
   99866.8125    
   99883.4219    
   99863.3047    
   99824.5156    
   99809.1250    
   99769.2109    
   99719.2344    
   99670.8281    
   99651.4141    
   99641.9844    
   99651.4297    
   99698.2734    
   99716.2344    
   99733.5469    
   99731.3984    
   99740.4375    
   99711.1719    
   99682.3281    
   99668.3125    
   99663.5000    
   99665.9688    
   99659.2656    
   99675.6328    
   99677.7188    
   99677.6328    
   99673.0703    
   99682.9609    
   99680.1484    
   99715.6875    
   99678.6562    
   99649.5547    
   99627.1641    
   99605.3906    
   99580.8203    
   99574.1953    
   99599.3516    
   99628.3203    
   99625.2500    
   99655.5469    
   99651.5156    
   99604.9688    
   99549.1250    
   99533.3125    
   99540.2031    
   99529.8125    
   99532.2812    
   99553.8828    
   99575.1016    
   99563.4688    
   99576.4375    
   99551.6250    
   99525.0156    
   99564.3125    
   99522.4375    
   99490.9766    
   99432.9375    
   99419.9922    
   99403.6094    
   99423.3359    
   99467.2969    
   99496.6875    
   99493.6562    
   99479.1172    
   99468.0625    
   99370.5234    
   99367.4922    
   99373.7656    
   99380.9844    
   99396.7188    
   99383.2422    
   99404.5156    
   99421.9609    
   99457.6328    
   99506.2578    
   99566.7578    
   99647.7891    
   99766.0703    
   99832.1562    
   99866.0234    
   99853.1094    
   99919.7031    
   99938.4688    
   99968.7969    
   100021.117    
   100064.180    
   100092.055    
   100080.617    
   100100.523    
   100123.461    
   100148.672    
   100136.062    
   100145.695    
   100104.797    
   100106.609    
   100108.992    
   100101.664    
   100108.883    
   100090.734    
   100071.344    
   100040.016    
   99991.2656    
   99979.8438    
   99951.4766    
   99890.3203    
   99854.0703    
   99817.9297    
   99807.6641    
   99805.1328    
   99790.2344    
   99767.3516    
   99738.0781    
   99708.4219    
   99661.3750    
   99626.5234    
   99628.4141    
   99614.9141    
   99605.2188    
   99615.1562    
   99589.0938    
   99597.3438    
   99587.6094    
   99583.4219    
   99556.4922    
   99549.2500    
   99473.3125    
   99462.4297    
   99451.0859    
   99384.6250    
   99363.6797    
   99336.7500    
   99337.7734    
   99355.2109    
   99367.6094    
   99366.0547    
   99349.4922    
   99336.2266    
   99294.4609    
   99277.6406    
   99265.0625    
   99266.3125    
   99239.3359    
   99218.1250    
   99212.5391    
   99182.8672    
   99158.7812    
   99146.3906    
   99122.9609    
   99105.9219    
   99102.5469    
   99100.3516    
   99093.8828    
   99075.6406    
   99058.6406    
   99014.0000    
   98996.5469    
   98988.0859    
   98981.0078    
   98958.8750    
   98934.6875    
   98909.9141    
   98931.0000    
   98920.5156    
   98926.0703    
   98924.4062    
   98902.1094    
   98916.0312    
   98936.7578    
   98943.0625    
   98931.4219    
   98924.3047    
   98924.6953    
   98874.7188    
   98829.3281    
   98784.2500    
   98789.8672    
   98785.7656    
   98794.4141    
   98737.6797    
   98696.1641    
   98697.2891    
   98657.1250    
   98646.6094    
   98626.7109    
   98627.1016    
   98633.3203    
   98599.4609    
   98586.9688    
   98561.7500    
   98559.4062    
   98567.0156    
   98559.9453    
   98574.6406    
   98555.5547    
   98553.8281    
   98565.2188    
   98551.9297    
   98575.5234    
   98583.5469    
   98570.6875    
   98550.1875    
   98551.7812    
   98568.4219    
   98593.8672    
   98658.0312    
   98705.5625    
   98752.0781    
   98775.9062    
   98830.1953    
   98832.6875    
   98856.4453    
   98893.9688    
   98953.5391    
   98956.1250    
   98983.6016    
   98993.2109    
   99024.7812    
   99073.7812    
   99095.3750    
   99138.0625    
   99150.3594    
   99187.8203    
   99227.1719    
   99287.3359    
   99326.7812    
   99364.8359    
   99416.7422    
   99492.9219    
   99600.1250    
   99696.0234    
   99790.2500    
   99835.3203    
   99920.3594    
   99958.7031    
   99981.8672    
   100041.422    
   100096.867    
   100136.500    
   100164.727    
   100238.352    
   100297.312    
   100333.406    
   100343.086    
   100355.484    
   100345.172    
   100344.016    
   100335.562    
   100292.492    
   100247.422    
   100245.141    
   100250.227    
   100237.562    
   100254.711    
   100293.992    
   100342.125    
   100358.102    
   100364.945    
   100397.859    
   100354.492    
   100373.172    
   100381.812    
   100364.867    
   100378.805    
   100395.078    
   100415.703    
   100421.070    
   100414.172    
   100387.945    
   100346.531    
   100333.070    
   100261.750    
   100195.242    
   100145.336    
   100125.359    
   100069.031    
   100053.195    
   100097.992    
   100118.359    
   100136.695    
   100122.430    
   100131.844    
   100143.133    
   100136.305    
   100147.508    
   100176.312    
   100157.672    
   100185.203    
   100253.477    
   100246.727    
   100279.039    
   100271.641    
   100275.773    
   100244.375    
   100244.156    
   100225.797    
   100225.039    
   100213.609    
   100220.188    
   100198.797    
   100180.594    
   100197.055    
   100220.773    
   100251.969    
   100256.633    
   100270.469    
   100300.492    
   100299.758    
   100293.031    
   100307.977    
   100331.875    
   100335.125    
   100349.031    
   100335.281    
   100326.422    
   100294.555    
   100271.234    
   100222.383    
   100124.398    
   100069.164    
   100033.188    
   99974.8828    
   99934.6406    
   99901.9844    
   99865.9766    
   99854.7734    
   99866.6250    
   99856.3828    
   99852.8047    
   99847.4844    
   99793.7422    
   99822.1016    
   99797.6719    
   99770.8125    
   99767.0000    
   99760.4219    
   99797.8594    
   99775.4766    
   99781.8281    
   99757.8516    
   99754.9375    
   99709.8906    
   99651.5859    
   99591.6328    
   99519.5625    
   99455.9062    
   99416.6719    
   99366.5938    
   99309.7031    
   99260.4766    
   99254.4297    
   99220.5156    
   99192.8203    
   99175.8438    
   99103.8281    
   99084.8125    
   99032.2656    
   99017.2891    
   98961.3281    
   98933.9688    
   98889.6328    
   98840.4062    
   98790.3594    
   98742.8203    
   98705.8125    
   98674.2891    
   98564.0625    
   98499.6641    
   98450.5156    
   98431.6406    
   98407.2656    
   98400.2188    
   98391.6016    
   98420.3125    
   98469.4375    
   98536.7109    
   98580.2031    
   98625.9375    
   98604.0781    
   98644.0469    
   98648.1562    
   98679.5000    
   98690.3906    
   98724.1797    
   98782.3438    
   98826.0469    
   98861.1562    
   98892.0078    
   98932.4375    
   98993.3125    
   99096.9297    
   99153.0000    
   99188.2031    
   99245.7656    
   99295.9844    
   99355.6562    
   99444.1094    
   99503.9062    
   99600.7500    
   99650.0859    
   99713.7891    
   99793.2734    
   99847.6562    
   99917.5859    
   99955.4062    
   100033.273    
   100097.523    
   100153.609    
   100224.633    
   100287.438    
   100311.734    
   100373.719    
   100388.438    
   100395.430    
   100360.375    
   100359.016    
   100366.281    
   100362.773    
   100379.797    
   100383.398    
   100415.031    
   100433.828    
   100470.078    
   100524.250    
   100544.016    
   100605.500    
   100606.539    
   100643.891    
   100642.898    
   100668.742    
   100684.117    
   100705.109    
   100733.547    
   100733.828    
   100749.156    
   100758.344    
   100731.734    
   100712.250    
   100655.953    
   100628.617    
   100594.188    
   100546.258    
   100502.688    
   100489.320    
   100477.320    
   100475.914    
   100505.320    
   100515.633    
   100527.031    
   100537.109    
   100514.516    
   100546.922    
   100562.648    
   100569.945    
   100553.367    
   100576.852    
   100573.500    
   100548.758    
   100531.031    
   100520.914    
   100510.211    
   100487.492    
   100392.070    
   100336.586    
   100280.508    
   100213.547    
   100182.992    
   100168.141    
   100126.039    
   100121.773    
   100137.922    
   100105.797    
   100102.070    
   100083.266    
   100026.273    
   100017.906    
   99972.0859    
   99961.3828    
   99909.9219    
   99901.9453    
   99889.7344    
   99873.7891    
   99843.6562    
   99820.9609    
   99783.3906    
   99734.0859    
   99689.8750    
   99618.3672    
   99596.5234    
   99540.7500    
   99550.5391    
   99537.6875    
   99529.1641    
   99552.7422    
   99593.4922    
   99627.2578    
   99659.8672    
   99658.8281    
   99663.9766    
   99698.4766    
   99736.1094    
   99743.1328    
   99744.8203    
   99763.4141    
   99788.9297    
   99806.6172    
   99814.7266    
   99857.9062    
   99863.6484    
   99886.4453    
   99959.3203    
   99946.3438    
   99965.5938    
   99980.2266    
   99980.1797    
   99927.0547    
   99994.1250    
   100028.773    
   100070.953    
   100075.891    
   100055.266    
   100020.844    
   99985.2266    
   99984.6641    
   99940.4375    
   99929.4375    
   99919.3047    
   99880.2812    
   99839.4688    
   99800.4609    
   99747.6875    
   99685.3594    
   99627.4844    
   99580.6719    
   99547.3984    
   99564.7969    
   99545.3438    
   99499.6250    
   99458.1641    
   99378.3203    
   99351.5625    
   99309.0625    
   99281.2656    
   99256.7188    
   99224.8281    
   99181.2891    
   99092.8359    
   99085.5312    
   99033.5000    
   99020.3281    
   99009.6562    
   98994.9688    
   98985.0078    
   98932.2734    
   98938.2656    
   98889.3047    
   98891.4609    
   98843.0703    
   98813.0469    
   98795.3281    
   98767.8281    
   98746.5781    
   98707.6406    
   98692.2109    
   98671.3047    
   98685.2969    
   98729.9766    
   98724.4062    
   98718.7188    
   98715.6016    
   98651.5078    
   98631.2422    
   98612.9297    
   98602.4062    
   98605.6094    
   98548.1484    
   98543.8203    
   98500.9375    
   98454.7266    
   98412.4609    
   98374.7031    
   98334.7656    
   98227.8047    
   98174.0781    
   98081.4219    
   98015.5391    
   97936.9219    
   97861.8438    
   97769.1406    
   97638.5156    
   97561.0938    
   97475.9609    
   97513.6094    
   97611.5312    
   97659.4219    
   97827.1172    
   97957.9766    
   98013.2266    
   98081.4141    
   98110.1406    
   98170.4453    
   98143.8828    
   98209.7891    
   98204.5391    
   98260.5156    
   98261.8203    
   98222.7812    
   98218.8672    
   98229.5312    
   98254.8750    
   98281.8516    
   98308.8750    
   98329.4688    
   98368.4766    
   98412.1719    
   98425.0703    
   98406.5000    
   98397.7734    
   98394.7266    
   98422.4844    
   98414.4531    
   98373.8672    
   98368.1250    
   98362.3047    
   98390.9766    
   98354.4062    
   98363.0234    
   98342.7109    
   98338.4844    
   98331.7266    
   98295.2500    
   98248.6172    
   98256.7266    
   98245.1016    
   98243.1406    
   98249.7578    
   98249.1641    
   98250.3906    
   98277.8203    
   98296.5000    
   98307.8828    
   98302.6328    
   98245.9766    
   98272.7344    
   98259.9688    
   98263.3672    
   98249.2109    
   98246.6797    
   98248.5859    
   98253.4531    
   98247.3125    
   98244.0391    
   98250.6250    
   98246.0234    
   98204.9844    
   98201.0312    
   98199.2656    
   98223.0703    
   98226.8516    
   98203.9766    
   98216.2031    
   98270.6562    
   98315.7812    
   98352.3828    
   98361.0000    
   98375.0312    
   98348.2812    
   98365.4141    
   98374.4297    
   98401.7266    
   98426.3672    
   98443.7891    
   98451.7500    
   98466.1328    
   98456.4062    
   98462.3672    
   98478.9375    
   98484.1250    
   98489.1562    
   98473.3906    
   98454.6406    
   98439.8203    
   98500.7266    
   98495.5312    
   98477.2812    
   98477.1797    
   98503.5547    
   98491.8828    
   98482.7109    
   98443.2969    
   98380.3438    
   98374.5391    
   98303.1484    
   98275.3828    
   98239.1719    
   98216.2500    
   98220.7344    
   98209.6562    
   98221.9844    
   98244.2188    
   98266.7500    
   98276.1250    
   98281.2266    
   98317.7656    
   98347.1562    
   98387.1484    
   98388.6953    
   98369.3828    
   98395.0859    
   98433.5859    
   98503.2578    
   98506.8906    
   98528.4922    
   98550.1562    
   98576.8359    
   98645.1016    
   98670.6484    
   98731.1953    
   98797.7109    
   98854.4141    
   98918.1016    
   98976.8750    
   99013.1953    
   99046.1719    
   99091.3516    
   99114.6172    
   99108.6172    
   99092.5234    
   99131.1484    
   99104.5312    
   99159.6172    
   99172.3672    
   99226.6016    
   99282.6016    
   99381.2266    
   99393.3906    
   99466.5469    
   99422.1562    
   99428.6328    
   99417.7266    
   99386.6562    
   99382.3281    
   99369.7266    
   99357.3516    
   99334.3750    
   99331.7109    
   99357.3516    
   99329.8359    
   99291.1094    
   99267.3516    
   99256.3906    
   99237.4844    
   99192.4766    
   99204.4609    
   99186.2266    
   99180.6953    
   99203.2500    
   99255.1250    
   99275.1797    
   99317.5547    
   99337.3438    
   99376.0234    
   99348.0781    
   99403.8672    
   99442.9297    
   99486.8281    
   99532.3047    
   99599.6953    
   99629.0391    
   99672.9453    
   99697.6250    
   99727.9062    
   99768.7656    
   99736.5078    
   99692.6953    
   99676.6875    
   99620.1484    
   99580.9766    
   99542.5312    
   99497.8203    
   99497.7891    
   99483.1406    
   99481.5078    
   99444.2734    
   99422.5469    
   99402.8047    
   99365.8203    
   99323.7891    
   99313.0312    
   99288.1406    
   99265.1875    
   99270.5312    
   99230.8984    
   99200.9922    
   99159.3828    
   99106.2812    
   99040.8750    
   98995.0391    
   98882.4062    
   98819.4844    
   98758.7109    
   98729.5234    
   98687.3125    
   98615.6641    
   98573.0703    
   98545.2578    
   98504.6094    
   98446.0938    
   98429.3125    
   98437.4844    
   98383.0312    
   98386.0469    
   98399.4844    
   98350.3125    
   98331.1406    
   98326.8672    
   98297.6875    
   98310.8516    
   98282.9688    
   98272.2734    
   98302.0703    
   98285.7031    
   98232.9531    
   98232.2031    
   98248.0781    
   98276.9375    
   98270.1875    
   98282.2031    
   98333.1719    
   98370.7656    
   98427.4531    
   98454.1562    
   98444.3594    
   98494.9609    
   98474.3516    
   98486.7891    
   98491.3359    
   98522.4219    
   98520.2656    
   98543.2344    
   98542.2891    
   98523.5391    
   98511.2812    
   98453.0234    
   98445.8047    
   98402.5234    
   98356.1641    
   98331.5547    
   98301.8203    
   98320.4453    
   98315.4062    
   98317.7188    
   98325.6172    
   98332.8750    
   98346.8516    
   98335.7500    
   98368.7734    
   98366.3906    
   98373.2500    
   98399.3516    
   98424.4219    
   98437.3359    
   98474.0625    
   98438.8906    
   98447.5781    
   98420.7188    
   98426.8750    
   98436.6328    
   98477.2031    
   98547.6250    
   98651.5547    
   98728.7266    
   98778.8359    
   98835.1719    
   98897.0938    
   98945.5312    
   98986.9453    
   99037.8750    
   99076.8750    
   99101.3047    
   99134.7031    
   99182.9453    
   99212.5078    
   99241.0547    
   99267.0000    
   99326.9766    
   99329.9531    
   99355.1875    
   99376.5078    
   99388.2734    
   99387.5859    
   99378.4609    
   99391.3047    
   99406.6016    
   99388.3359    
   99346.6641    
   99311.1797    
   99275.8828    
   99261.6953    
   99245.6797    
   99238.2891    
   99199.7266    
   99184.2188    
   99170.0078    
   99155.6953    
   99161.5938    
   99122.7500    
   99092.7891    
   99049.5625    
   99015.9922    
   98977.4062    
   98918.3203    
   98885.2656    
   98846.0469    
   98780.4531    
   98762.2109    
   98715.2891    
   98685.4219    
   98555.2422    
   98477.3516    
   98409.0781    
   98321.7578    
   98251.6797    
   98203.1484    
   98163.3750    
   98046.9922    
   97936.7109    
   97798.1641    
   97698.1797    
   97642.7656    
   97594.9531    
   97625.0000    
   97617.2500    
   97626.5703    
   97659.1016    
   97655.8203    
   97691.5391    
   97679.3047    
   97689.1328    
   97708.7656    
   97758.5234    
   97801.5781    
   97822.0938    
   97835.6875    
   97871.9922    
   97919.3672    
   97878.0000    
   97972.9375    
   98013.4062    
   98042.9062    
   98065.9453    
   98073.3047    
   98044.7578    
   98031.0000    
   97969.7500    
   97963.0703    
   97890.1328    
   97827.5547    
   97816.5781    
   97776.8203    
   97749.6953    
   97736.4375    
   97709.0625    
   97733.4375    
   97734.9375    
   97820.1250    
   97911.5391    
   98009.6484    
   98064.3281    
   98111.7891    
   98184.3984    
   98205.6328    
   98303.5156    
   98346.0234    
   98402.9062    
   98427.8750    
   98454.2031    
   98501.8125    
   98552.1250    
   98613.0781    
   98581.0312    
   98639.4922    
   98672.6953    
   98727.4062    
   98783.9609    
   98813.4375    
   98847.0156    
   98899.5312    
   98958.6562    
   99007.8047    
   99046.0938    
   99092.4453    
   99113.1094    
   99180.2344    
   99210.0234    
   99224.3672    
   99253.7188    
   99309.8438    
   99351.2578    
   99442.0000    
   99493.4531    
   99533.1484    
   99582.8438    
   99648.6484    
   99679.2891    
   99748.6328    
   99771.7266    
   99786.7969    
   99898.4688    
   99926.8516    
   99880.4531    
   99919.9922    
   99954.6406    
   99981.7969    
   99984.0078    
   99905.2969    
   99890.1094    
   99862.3359    
   99847.8281    
   99874.9766    
   99872.7266    
   99883.1328    
   99903.1328    
   99909.1406    
   99918.6328    
   99919.5938    
   99931.2500    
   99907.6797    
   99931.5469    
   99927.7656    
   99920.7734    
   99940.1406    
   99973.4062    
   99977.7422    
   99946.8125    
   99935.1641    
   99914.6797    
   99923.4609    
   99937.9453    
   99916.0156    
   99936.3984    
   99924.7891    
   99944.7031    
   99933.5078    
   99921.4688    
   99934.0078    
   99941.7969    
   99954.2969    
   99972.7812    
   99985.8828    
   99989.7422    
   100001.641    
   100008.188    
   100044.430    
   100054.242    
   100071.438    
   100067.859    
   100076.500    
   100049.484    
   100038.922    
   100039.398    
   100049.414    
   100058.750    
   100043.719    
   100068.250    
   100047.453    
   100018.305    
   99999.9141    
   99999.0078    
   99997.7188    
   99986.6172    
   99977.4531    
   99970.9531    
   99975.6484    
   99955.9062    
   99950.5938    
   99935.0156    
   99942.7266    
   99950.3906    
   99912.4531    
   99922.6016    
   99912.1953    
   99911.8047    
   99905.3047    
   99912.2109    
   99887.3203    
   99845.6406    
   99813.9453    
   99821.2969    
   99794.8906    
   99767.1016    
   99725.3125    
   99719.5781    
   99718.1797    
   99713.1172    
   99687.3594    
   99695.2422    
   99673.8047    
   99648.8828    
   99571.3047    
   99549.5781    
   99552.7812    
   99517.0469    
   99491.8047    
   99452.1953    
   99449.8438    
   99439.5000    
   99442.1641    
   99438.3438    
   99475.3125    
   99565.7266    
   99598.0000    
   99624.8438    
   99680.7656    
   99725.9453    
   99760.1328    
   99794.3672    
   99831.2266    
   99871.9375    
   99899.1875    
   99932.0078    
   99936.2656    
   99950.4531    
   99975.1562    
   99996.9688    
   99982.2969    
   100033.406    
   100014.227    
   100029.984    
   100012.609    
   100034.711    
   100012.773    
   99993.7188    
   99987.7656    
   99909.7188    
   99933.3203    
   99896.7500    
   99842.0312    
   99803.9141    
   99777.3125    
   99724.5703    
   99699.6250    
   99725.4844    
   99703.7734    
   99700.8984    
   99685.1719    
   99646.1328    
   99604.0234    
   99571.5938    
   99515.6875    
   99482.1875    
   99489.7656    
   99490.6875    
   99492.9688    
   99478.1719    
   99473.8672    
   99428.7578    
   99428.2891    
   99452.7188    
   99426.1250    
   99384.8203    
   99422.4062    
   99403.3828    
   99390.1953    
   99388.5234    
   99388.5938    
   99410.9609    
   99454.7578    
   99448.2500    
   99447.3125    
   99450.9297    
   99486.7266    
   99454.4844    
   99491.9531    
   99475.3047    
   99505.3125    
   99507.4062    
   99554.4609    
   99565.3047    
   99568.7031    
   99555.4375    
   99524.5000    
   99504.2578    
   99489.4062    
   99454.3359    
   99443.0859    
   99441.0156    
   99443.0312    
   99454.4688    
   99456.6953    
   99474.8828    
   99509.4531    
   99531.5859    
   99542.8281    
   99542.3594    
   99570.8906    
   99583.3984    
   99599.6953    
   99583.4219    
   99637.5078    
   99632.2578    
   99662.6484    
   99657.2031    
   99625.7891    
   99624.3359    
   99599.9609    
   99502.0156    
   99493.7109    
   99485.4531    
   99454.4453    
   99424.3828    
   99420.4297    
   99400.6172    
   99395.4844    
   99417.9297    
   99419.3359    
   99406.1562    
   99395.4609    
   99370.2344    
   99408.0391    
   99373.9219    
   99351.4844    
   99362.6094    
   99374.3516    
   99413.7344    
   99412.4062    
   99423.7500    
   99413.4375    
   99443.4688    
   99426.8828    
   99371.7031    
   99379.0234    
   99342.6484    
   99309.7969    
   99311.3984    
   99291.8438    
   99292.7031    
   99297.6328    
   99315.5938    
   99335.9375    
   99354.2344    
   99343.8359    
   99347.2969    
   99370.2031    
   99341.8594    
   99338.0234    
   99343.5547    
   99344.1953    
   99350.5000    
   99348.1250    
   99322.5547    
   99319.8594    
   99311.2578    
   99296.0156    
   99226.6953    
   99210.2031    
   99190.1250    
   99184.3672    
   99200.6016    
   99169.8438    
   99164.9062    
   99193.3750    
   99198.7891    
   99195.0312    
   99195.7344    
   99187.7969    
   99206.4766    
   99234.0781    
   99249.0156    
   99270.5078    
   99286.4062    
   99323.3047    
   99317.1641    
   99315.3750    
   99347.4219    
   99342.5781    
   99357.6641    
   99349.7344    
   99315.1484    
   99309.9375    
   99310.1406    
   99316.0703    
   99304.4297    
   99307.0625    
   99335.6484    
   99349.7344    
   99368.8516    
   99397.4062    
   99410.6953    
   99437.3828    
   99445.6094    
   99463.9531    
   99461.1484    
   99465.4375    
   99472.2812    
   99498.9688    
   99472.8359    
   99507.9922    
   99520.7969    
   99532.7578    
   99543.8047    
   99516.8750    
   99551.2891    
   99571.2500    
   99520.4141    
   99502.4062    
   99441.8984    
   99443.8672    
   99438.2422    
   99452.2656    
   99456.9375    
   99445.7344    
   99451.6484    
   99459.7734    
   99429.5312    
   99491.3828    
   99466.7344    
   99445.0859    
   99440.4219    
   99465.4609    
   99477.1328    
   99491.1016    
   99494.9688    
   99490.1250    
   99451.9141    
   99450.0859    
   99376.6094    
   99358.3984    
   99295.9062    
   99271.5781    
   99237.6094    
   99212.0547    
   99170.6406    
   99187.0078    
   99188.9531    
   99248.6719    
   99230.1406    
   99246.7031    
   99202.8906    
   99215.8906    
   99166.3047    
   99170.8906    
   99145.2266    
   99128.3594    
   99112.7266    
   99075.5469    
   99083.3984    
   99084.6719    
   99076.5312    
   99060.6562    
   98967.3125    
   98963.7734    
   98986.8359    
   98964.2656    
   98944.3516    
   98910.3516    
   98892.5469    
   98936.1797    
   98961.0156    
   98973.0781    
   98972.3906    
   98975.4609    
   98946.9688    
   98943.1484    
   98948.6641    
   98960.0156    
   98970.5000    
   98968.1562    
   98950.7266    
   98926.5469    
   98931.4531    
   98894.7344    
   98863.3594    
   98838.0625    
   98750.5781    
   98669.4609    
   98662.1172    
   98637.5547    
   98610.9688    
   98612.9062    
   98687.7109    
   98674.7969    
   98688.8047    
   98741.9141    
   98780.3438    
   98812.5938    
   98841.6250    
   98841.4844    
   98836.8281    
   98854.8984    
   98854.1719    
   98877.6484    
   98874.9844    
   98884.7188    
   98895.5547    
   98934.3359    
   98955.8516    
   98976.9062    
   99042.5234    
   99025.1719    
   99038.1953    
   99052.2891    
   99029.0781    
   99018.8281    
   99036.9766    
   99054.2188    
   99082.4062    
   99117.3750    
   99113.9062    
   99128.4453    
   99113.3594    
   99155.2344    
   99125.1719    
   99139.6172    
   99211.2266    
   99178.8984    
   99268.2891    
   99232.2891    
   99244.5859    
   99259.5938    
   99231.6406    
   99233.9297    
   99197.9766    
   99176.3203    
   99201.8359    
   99212.3359    
   99187.2344    
   99172.2969    
   99192.7031    
   99212.6016    
   99222.0000    
   99266.0781    
   99286.6250    
   99290.4062    
   99308.1484    
   99328.4844    
   99323.8984    
   99345.0156    
   99317.1250    
   99362.8750    
   99351.8828    
   99343.1250    
   99318.7656    
   99295.1875    
   99271.1484    
   99239.6953    
   99244.9141    
   99265.5781    
   99274.4844    
   99236.3125    
   99188.6016    
   99275.4844    
   99224.4453    
   99242.3438    
   99245.7969    
   99274.7031    
   99263.3984    
   99272.8438    
   99273.4219    
   99277.7969    
   99295.8672    
   99340.3125    
   99347.6875    
   99371.8359    
   99348.6953    
   99362.3359    
   99366.1875    
   99376.9844    
   99386.7812    
   99390.2578    
   99362.7891    
   99349.6953    
   99323.9688    
   99289.0547    
   99281.9297    
   99246.2109    
   99250.5000    
   99264.0312    
   99271.0938    
   99295.0547    
   99276.2969    
   99273.7344    
   99219.4531    
   99224.2969    
   99176.5938    
   99154.1016    
   99153.2656    
   99085.8594    
   99044.7969    
   99020.1953    
   98984.5156    
   98911.5625    
   98847.9219    
   98798.3984    
   98689.6797    
   98556.6016    
   98545.5000    
   98470.1484    
   98429.2969    
   98474.9297    
   98472.6641    
   98510.2109    
   98540.5859    
   98573.5547    
   98596.1406    
   98601.6875    
   98550.6250    
   98539.1250    
   98500.4844    
   98552.9922    
   98556.2031    
   98524.3047    
   98513.3906    
   98514.7969    
   98556.6250    
   98594.9531    
   98576.6719    
   98617.2969    
   98655.8438    
   98627.7969    
   98624.2969    
   98625.7031    
   98591.0312    
   98553.1953    
   98542.4141    
   98532.2188    
   98557.9922    
   98536.1797    
   98522.4688    
   98554.4844    
   98494.7109    
   98450.0391    
   98399.3750    
   98390.0078    
   98346.8438    
   98300.5234    
   98311.9219    
   98262.7109    
   98263.3281    
   98237.5625    
   98243.4766    
   98203.9453    
   98218.3516    
   98203.1250    
   98166.7891    
   98131.4922    
   98096.9844    
   98063.0469    
   98052.0625    
   98064.4297    
   98010.2109    
   97934.4844    
   97930.6016    
   97937.3984    
   97911.6172    
   97877.4922    
   97894.5547    
   97899.3125    
   97897.0391    
   97922.7812    
   97959.6719    
   98015.8281    
   98069.7734    
   98113.8750    
   98167.0078    
   98204.9766    
   98229.9688    
   98272.3984    
   98279.9531    
   98304.4062    
   98297.0938    
   98326.3438    
   98364.4297    
   98444.2109    
   98484.3750    
   98541.6094    
   98579.7422    
   98629.4766    
   98678.1719    
   98737.8984    
   98763.9766    
   98812.0781    
   98849.3359    
   98891.7031    
   98946.4219    
   98978.9141    
   99011.3047    
   99039.7188    
   99077.9297    
   99113.0469    
   99107.2422    
   99113.0156    
   99128.7422    
   99137.7422    
   99133.3516    
   99177.4688    
   99216.0547    
   99258.6875    
   99310.3438    
   99345.5000    
   99351.5156    
   99405.4844    
   99418.3984    
   99476.4219    
   99462.8906    
   99485.5469    
   99512.6641    
   99557.7656    
   99558.3125    
   99565.5078    
   99577.7031    
   99560.2734    
   99544.6719    
   99541.2656    
   99481.7656    
   99465.5312    
   99444.7344    
   99416.1562    
   99404.3516    
   99410.1953    
   99430.3516    
   99455.5469    
   99493.5625    
   99526.9375    
   99551.7656    
   99581.8906    
   99588.9922    
   99601.8594    
   99638.7344    
   99685.8906    
   99723.4844    
   99750.3750    
   99776.5000    
   99832.4922    
   99830.6953    
   99840.1250    
   99836.3516    
   99839.5391    
   99796.3594    
   99787.5859    
   99783.8047    
   99768.3672    
   99726.9688    
   99741.9375    
   99724.7578    
   99765.2031    
   99778.6797    
   99822.2578    
   99855.4609    
   99875.6641    
   99892.3828    
   99935.2578    
   99962.7188    
   99997.5469    
   100026.750    
   100061.930    
   100088.477    
   100098.516    
   100127.352    
   100123.477    
   100128.109    
   100118.414    
   100091.250    
   100029.562    
   100020.016    
   99996.2188    
   99970.1250    
   99984.6797    
   99953.6719    
   99940.6719    
   99937.6172    
   99964.1953    
   99965.4297    
   99996.1094    
   100017.781    
   100003.562    
   100016.039    
   100018.516    
   100026.789    
   100025.789    
   100008.234    
   100002.898    
   99972.5703    
   99957.3984    
   99949.8359    
   99932.6484    
   99902.2266    
   99876.3047    
   99824.6562    
   99791.7734    
   99748.6328    
   99728.7500    
   99731.1562    
   99732.7109    
   99740.7188    
   99746.1250    
   99769.3047    
   99775.1172    
   99786.9766    
   99801.6797    
   99817.6484    
   99850.8438    
   99854.1406    
   99899.6953    
   99900.8828    
   99928.5938    
   99942.2578    
   99960.4062    
   99979.8906    
   99992.6406    
   100034.609    
   100024.953    
   99997.4922    
   100016.664    
   99973.9062    
   99993.8047    
   99981.1250    
   100007.086    
   100030.578    
   100076.938    
   100115.117    
   100158.914    
   100216.297    
   100246.078    
   100287.828    
   100268.531    
   100297.242    
   100289.461    
   100281.141    
   100262.531    
   100267.734    
   100231.938    
   100213.633    
   100189.375    
   100159.453    
   100106.859    
   100051.031    
   100011.562    
   99965.5625    
   99939.4453    
   99899.9375    
   99912.0547    
   99875.0547    
   99901.6797    
   99894.9141    
   99898.7344    
   99890.3281    
   99886.1719    
   99914.5234    
   99858.7578    
   99863.6250    
   99845.9375    
   99849.8750    
   99851.5859    
   99830.4141    
   99795.8125    
   99784.5469    
   99747.7812    
   99716.7969    
   99655.5078    
   99637.3125    
