   3.42637580E-03
   3.52317514E-03
   3.53876338E-03
   3.55647248E-03
   3.54797603E-03
   3.51690780E-03
   3.51196760E-03
   3.58156860E-03
   3.65853752E-03
   3.41124879E-03
   3.33392271E-03
   3.27572646E-03
   3.24133248E-03
   3.12184170E-03
   3.11468635E-03
   3.13377217E-03
   3.01261735E-03
   3.02115153E-03
   3.05502000E-03
   2.79384269E-03
   2.69133993E-03
   2.23242189E-03
   2.15370278E-03
   2.25661509E-03
   2.31654174E-03
   2.14844709E-03
   2.12146249E-03
   2.07215641E-03
   1.91195076E-03
   1.85092899E-03
   1.85565127E-03
   1.84457283E-03
   1.86165213E-03
   1.81027350E-03
   1.79669214E-03
   1.77928468E-03
   1.77736941E-03
   1.76739099E-03
   1.78514665E-03
   1.79606269E-03
   1.76257617E-03
   1.77781016E-03
   1.77856267E-03
   1.76772440E-03
   1.72054162E-03
   1.86607707E-03
   1.86138717E-03
   1.90323556E-03
   1.87356188E-03
   1.86229125E-03
   1.85838691E-03
   1.80256017E-03
   1.77912391E-03
   1.74828246E-03
   1.69847696E-03
   1.72040216E-03
   1.71396858E-03
   1.82345859E-03
   1.83196354E-03
   1.81409402E-03
   1.80172676E-03
   1.79970113E-03
   1.81660289E-03
   1.83676183E-03
   1.82936515E-03
   1.83788815E-03
   1.85757165E-03
   1.84251729E-03
   1.84284477E-03
   1.86352676E-03
   1.87497772E-03
   1.85852859E-03
   1.86765008E-03
   1.84112799E-03
   1.83757849E-03
   1.82808097E-03
   1.81698857E-03
   1.78709591E-03
   1.72204187E-03
   1.85231597E-03
   1.82921160E-03
   1.91208406E-03
   1.92837894E-03
   1.93963386E-03
   1.96436071E-03
   1.98023790E-03
   1.99764501E-03
   1.98978279E-03
   2.02422822E-03
   2.00883741E-03
   1.99703849E-03
   2.02227035E-03
   1.99689902E-03
   2.03139521E-03
   2.00625905E-03
   1.98505912E-03
   2.00184295E-03
   2.09400943E-03
   2.12044758E-03
   2.12225108E-03
   2.21199123E-03
   2.21996964E-03
   2.22008326E-03
   2.33873189E-03
   2.35910737E-03
   2.47719791E-03
   2.47061183E-03
   2.46781460E-03
   2.53375713E-03
   2.68695969E-03
   2.75564310E-03
   2.79197865E-03
   2.92059663E-03
   3.07105831E-03
   3.08204885E-03
   3.19048204E-03
   3.19505204E-03
   3.43976007E-03
   3.59770609E-03
   3.72134126E-03
   3.71520920E-03
   3.74295167E-03
   3.70643870E-03
   3.63189797E-03
   3.58109223E-03
   3.51803564E-03
   3.54274898E-03
   3.68741271E-03
   3.68970074E-03
   3.74877453E-03
   3.74763273E-03
   3.72002297E-03
   3.71518335E-03
   3.63043603E-03
   3.70994606E-03
   3.66321788E-03
   3.50377266E-03
   3.44286091E-03
   3.46376235E-03
   3.46525642E-03
   3.50138871E-03
   3.36998771E-03
   3.35116847E-03
   3.37014860E-03
   3.33760213E-03
   3.10344785E-03
   3.11819743E-03
   3.16512119E-03
   2.86663137E-03
   2.73869815E-03
   2.53080111E-03
   2.18483689E-03
   1.99683779E-03
   1.97617710E-03
   1.91448210E-03
   1.95523351E-03
   1.96775794E-03
   1.91235007E-03
   1.96636515E-03
   2.00733938E-03
   2.04600557E-03
   2.05768645E-03
   2.05022795E-03
   1.96879567E-03
   1.96978101E-03
   1.89910200E-03
   1.88306358E-03
   1.86464749E-03
   1.86370767E-03
   1.82796177E-03
   1.84217049E-03
   1.87064521E-03
   1.86386204E-03
   1.88064680E-03
   1.90977531E-03
   2.05718866E-03
   2.04546074E-03
   2.15602573E-03
   2.21215584E-03
   2.24520941E-03
   2.25046882E-03
   2.27712584E-03
   2.31267326E-03
   2.35956162E-03
   2.41871178E-03
   2.41526356E-03
   2.42390879E-03
   2.45262636E-03
   2.41867267E-03
   2.38118670E-03
   2.35071802E-03
   2.32890830E-03
   2.26913299E-03
   2.12580687E-03
   2.05730973E-03
   1.99697050E-03
   1.87338050E-03
   1.81653956E-03
   1.79375184E-03
   1.83563889E-03
   1.87836529E-03
   1.96808367E-03
   1.99519494E-03
   1.99522404E-03
   1.99529435E-03
   2.01428449E-03
   2.03270768E-03
   2.05174601E-03
   2.10759672E-03
   2.11421051E-03
   2.11595278E-03
   2.11707526E-03
   2.11771671E-03
   2.13064090E-03
   2.13422091E-03
   2.13366374E-03
   2.12483131E-03
   2.14196532E-03
   2.16734968E-03
   2.16816110E-03
   2.17672880E-03
   2.18606135E-03
   2.18738243E-03
   2.24932563E-03
   2.26342562E-03
   2.23705801E-03
   2.23516813E-03
   2.21726345E-03
   2.20610877E-03
   2.14876491E-03
   2.12445087E-03
   2.05959007E-03
   1.97181175E-03
   1.99822010E-03
   2.00885022E-03
   1.96371181E-03
   2.03137402E-03
   1.99331483E-03
   2.06040288E-03
   2.11151806E-03
   2.13403371E-03
   1.96531950E-03
   1.92175154E-03
   1.85495906E-03
   1.65881380E-03
   1.57720211E-03
   1.51572726E-03
   1.40896894E-03
   1.36021059E-03
   1.27696933E-03
   1.25953299E-03
   1.24068907E-03
   1.24753651E-03
   1.21060980E-03
   1.21406128E-03
   1.23203930E-03
   1.22484402E-03
   1.23320881E-03
   1.24310877E-03
   1.20738649E-03
   1.20332022E-03
   1.18607166E-03
   1.16592960E-03
   1.15492358E-03
   1.14484748E-03
   1.08071161E-03
   1.06557191E-03
   1.06411916E-03
   1.00927241E-03
   9.85722174E-04
   9.75428207E-04
   9.74281982E-04
   9.74135648E-04
   1.00368273E-03
   1.00612617E-03
   9.97446012E-04
   9.87295527E-04
   9.31847375E-04
   9.17624449E-04
   9.07191017E-04
   8.25253956E-04
   8.17899127E-04
   8.09337653E-04
   7.62625190E-04
   7.59098155E-04
   7.95470725E-04
   8.06607481E-04
   8.08295154E-04
   8.01392831E-04
   7.45918136E-04
   7.30102300E-04
   7.02737831E-04
   6.60650083E-04
   6.26180845E-04
   6.22439198E-04
   8.26699717E-04
   8.35145649E-04
   1.02650619E-03
   1.04289001E-03
   1.05174689E-03
   1.15371251E-03
   1.45443890E-03
   1.52847264E-03
   1.59866549E-03
   2.02471809E-03
   2.14802753E-03
   2.29431107E-03
   2.80768261E-03
   2.93871807E-03
   3.24882148E-03
   3.53371841E-03
   3.70458933E-03
   3.71977431E-03
   4.01270343E-03
   4.04430041E-03
   4.01250878E-03
   4.17955359E-03
   4.17740969E-03
   4.18650266E-03
   4.11650771E-03
   4.06638952E-03
   4.01929766E-03
   3.97161301E-03
   3.93203553E-03
   3.84813407E-03
   3.48503119E-03
   3.35546630E-03
   3.40612349E-03
   3.14672431E-03
   3.06650368E-03
   3.03229131E-03
   2.84702424E-03
   2.82018795E-03
   2.86554964E-03
   2.86999042E-03
   2.87825055E-03
   2.86165858E-03
   2.83389608E-03
   2.87680910E-03
   2.90725240E-03
   2.94556376E-03
   2.96715973E-03
   2.96926592E-03
   2.89549027E-03
   2.94119376E-03
   2.80400179E-03
   2.78157624E-03
   2.81569688E-03
   2.79995520E-03
   2.70743808E-03
   2.68061925E-03
   2.68754689E-03
   2.60694558E-03
   2.55380967E-03
   2.52250489E-03
   2.52909889E-03
   2.51159491E-03
   2.54745712E-03
   2.55152211E-03
   2.56101531E-03
   2.54427781E-03
   2.46271351E-03
   2.41043372E-03
   2.38835718E-03
   2.27992772E-03
   2.27922271E-03
   2.27005640E-03
   2.23178882E-03
   2.14543776E-03
   2.25690007E-03
   2.29507405E-03
   2.30655540E-03
   2.30612303E-03
   2.16713478E-03
   2.08816887E-03
   2.03440432E-03
   2.01949314E-03
   1.99882733E-03
   2.00359756E-03
   2.05617701E-03
   2.10384373E-03
   2.16176291E-03
   2.17518769E-03
   2.20237835E-03
   2.23150034E-03
   2.27927975E-03
   2.28405301E-03
   2.27558869E-03
   2.40145484E-03
   2.45904201E-03
   2.47406750E-03
   2.63868552E-03
   2.64715683E-03
   2.79155839E-03
   2.84294528E-03
   2.88483966E-03
   2.90764938E-03
   3.07285693E-03
   3.11574526E-03
   3.13829258E-03
   3.25031322E-03
   3.28009250E-03
   3.30240396E-03
   3.36992647E-03
   3.37077165E-03
   3.27403960E-03
   3.25929560E-03
   3.35253635E-03
   3.34457448E-03
   3.24892788E-03
   3.17248912E-03
   3.12693440E-03
   2.89731077E-03
   2.67658848E-03
   2.55711959E-03
   2.35748920E-03
   2.32024980E-03
   2.15427717E-03
   2.11170176E-03
   2.09815940E-03
   2.08685268E-03
   1.99453253E-03
   2.00193468E-03
   2.02870881E-03
   1.95869175E-03
   1.96129852E-03
   1.94296509E-03
   1.80479931E-03
   1.71111699E-03
   1.61816610E-03
   1.57025852E-03
   1.58149400E-03
   1.55694154E-03
   1.49807893E-03
   1.48317881E-03
   1.43683853E-03
   1.37792353E-03
   1.33768388E-03
   1.32477086E-03
   1.43873261E-03
   1.50293321E-03
   1.65578909E-03
   1.67711999E-03
   1.70469051E-03
   1.68836268E-03
   1.70345686E-03
   1.71294028E-03
   1.74097426E-03
   1.87066512E-03
   1.90983259E-03
   1.96748273E-03
   2.13632896E-03
   2.21567042E-03
   2.39663525E-03
   2.45021284E-03
   2.48221215E-03
   2.53092963E-03
   2.69056298E-03
   2.73338077E-03
   2.75519909E-03
   2.84853042E-03
   2.83969939E-03
   2.82068714E-03
   2.86527607E-03
   2.85000890E-03
   2.84414273E-03
   2.83356733E-03
   2.80516455E-03
   2.81093572E-03
   2.80178920E-03
   2.79046502E-03
   2.79827556E-03
   2.83550681E-03
   2.84791016E-03
   2.84916302E-03
   2.85858964E-03
   2.87784007E-03
   2.84475507E-03
   2.85989838E-03
   2.87995650E-03
   2.87336065E-03
   2.81046983E-03
   2.79629440E-03
   2.77791126E-03
   2.65079644E-03
   2.60265497E-03
   2.58080754E-03
   2.49668187E-03
   2.48461124E-03
   2.43419572E-03
   2.43794709E-03
   2.42003240E-03
   2.40020966E-03
   2.36141076E-03
   2.35615019E-03
   2.39297887E-03
   2.38895346E-03
   2.41427193E-03
   2.29993393E-03
   2.23501469E-03
   2.18457240E-03
   2.18671793E-03
   2.21259566E-03
   2.24953634E-03
   2.28034519E-03
   2.29211687E-03
   2.27485551E-03
   2.29995442E-03
   2.37415964E-03
   2.48061819E-03
   2.56310985E-03
   2.70650652E-03
   2.75580143E-03
   2.68536061E-03
   2.65067979E-03
   2.68451055E-03
   2.68846727E-03
   2.67857709E-03
   2.67720502E-03
   2.69500306E-03
   2.70604063E-03
   2.69905850E-03
   2.70802365E-03
   2.66458117E-03
   2.65246606E-03
   2.52527767E-03
   2.49585602E-03
   2.47442396E-03
   2.47213989E-03
   2.39982270E-03
   2.42992770E-03
   2.46040639E-03
   2.46323738E-03
   2.46344460E-03
   2.44640931E-03
   2.43635848E-03
   2.42447713E-03
   2.58665532E-03
   2.61921273E-03
   2.68378574E-03
   2.71936459E-03
   2.64319801E-03
   2.70141079E-03
   2.69952998E-03
   2.62564491E-03
   2.65342696E-03
   2.62030214E-03
   2.45923293E-03
   2.43552472E-03
   2.31571984E-03
   2.28723790E-03
   2.26452807E-03
   2.27487111E-03
   2.24916800E-03
   2.12051766E-03
   2.15714192E-03
   2.03463389E-03
   2.17114948E-03
   2.14673672E-03
   2.11721216E-03
   2.10422161E-03
   2.07215059E-03
   2.07841303E-03
   2.10641790E-03
   2.13570939E-03
   2.09347089E-03
   2.10503209E-03
   2.12391349E-03
   1.86331756E-03
   1.87642442E-03
   1.77813496E-03
   1.68533227E-03
   1.77400315E-03
   1.73880009E-03
   1.73266907E-03
   1.72291172E-03
   1.70424476E-03
   1.66519347E-03
   1.67908124E-03
   1.66312698E-03
   1.60508032E-03
   1.60606846E-03
   1.61411799E-03
   1.70386047E-03
   1.71899272E-03
   1.82143052E-03
   1.81471289E-03
   1.78835623E-03
   1.76157418E-03
   1.73101062E-03
   1.68921298E-03
   1.65730761E-03
   1.64598110E-03
   1.63638708E-03
   1.65356230E-03
   1.64699194E-03
   1.65601401E-03
   1.74066122E-03
   1.75880967E-03
   1.78997649E-03
   1.78503443E-03
   1.82068488E-03
   1.85992999E-03
   1.92396226E-03
   2.03567022E-03
   2.10850686E-03
   2.20535602E-03
   2.38576275E-03
   2.46553356E-03
   2.45650671E-03
   2.49164482E-03
   2.53257761E-03
   2.51946598E-03
   2.45434418E-03
   2.43836059E-03
   2.41013616E-03
   2.34532077E-03
   2.31429399E-03
   2.26721982E-03
   2.14583520E-03
   2.14282819E-03
   2.30446155E-03
   2.16115685E-03
   2.13685422E-03
   2.13516247E-03
   2.13508192E-03
   2.10787775E-03
   2.05855351E-03
   1.91774720E-03
   1.85897201E-03
   1.83544680E-03
   1.85510132E-03
   1.73623487E-03
   1.73875224E-03
   1.76980859E-03
   1.80652365E-03
   1.81942352E-03
   1.80538569E-03
   1.79314136E-03
   1.74581481E-03
   1.68630108E-03
   1.68005237E-03
   1.66039856E-03
   1.62138883E-03
   1.64406782E-03
   1.70939474E-03
   1.71488151E-03
   1.72428018E-03
   1.73440867E-03
   1.77137298E-03
   1.79291668E-03
   1.79508806E-03
   1.83999015E-03
   1.86235632E-03
   1.90966215E-03
   2.05017417E-03
   2.09038355E-03
   2.21937266E-03
   2.23436463E-03
   2.23656441E-03
   2.20208173E-03
   2.25524465E-03
   2.25146580E-03
   2.25157849E-03
   2.28823628E-03
   2.30218307E-03
   2.30384571E-03
   2.32212502E-03
   2.33360659E-03
   2.36262684E-03
   2.38486635E-03
   2.39764922E-03
   2.40789889E-03
   2.40967632E-03
   2.42826343E-03
   2.45067710E-03
   2.48270342E-03
   2.43338989E-03
   2.43825815E-03
   2.51990394E-03
   2.57212156E-03
   2.61406717E-03
   2.51803547E-03
   2.52732821E-03
   2.61921110E-03
   2.65444280E-03
   2.66699586E-03
   2.68525956E-03
   2.70205224E-03
   2.71284231E-03
   2.60902173E-03
   2.61708745E-03
   2.64214259E-03
   2.65665306E-03
   2.64051161E-03
   2.62000202E-03
   2.61450536E-03
   2.61999993E-03
   2.57408223E-03
   2.48790998E-03
   2.41424190E-03
   2.43225298E-03
   2.46841111E-03
   2.51391786E-03
   2.46296637E-03
   2.30778661E-03
   2.35596835E-03
   2.43236800E-03
   2.48439237E-03
   2.58053304E-03
   2.64420384E-03
   2.67712120E-03
   2.73488951E-03
   2.75888899E-03
   2.75302143E-03
   2.77982559E-03
   2.76501640E-03
   2.78256414E-03
   2.76692281E-03
   2.79260986E-03
   2.82169925E-03
   2.91432417E-03
   2.95994198E-03
   3.00930627E-03
   3.11380508E-03
   3.15139792E-03
   3.13813379E-03
   3.29236593E-03
   3.28888465E-03
   3.32580437E-03
   3.34865507E-03
   3.35819623E-03
   3.35891265E-03
   3.36792925E-03
   3.39489151E-03
   3.46105173E-03
   3.50402296E-03
   3.54610407E-03
   3.58922267E-03
   3.59512260E-03
   3.61527596E-03
   3.53363855E-03
   3.44562880E-03
   3.43810674E-03
   3.39917047E-03
   3.36858747E-03
   3.32624745E-03
   3.23197874E-03
   3.15242703E-03
   3.12682521E-03
   3.13331769E-03
   3.18310992E-03
   3.24943615E-03
   3.20808077E-03
   3.19962460E-03
   3.19374376E-03
   3.18571995E-03
   3.10280826E-03
   3.09105078E-03
   3.06198886E-03
   2.91533163E-03
   2.89189862E-03
   2.87132943E-03
   2.78780283E-03
   2.74361391E-03
   2.61392421E-03
   2.60077952E-03
   2.63551599E-03
   2.65629962E-03
   2.57645524E-03
   2.54102214E-03
   2.47455016E-03
   2.38761352E-03
   2.35217647E-03
   2.34862557E-03
   2.40618759E-03
   2.44626845E-03
   2.46074446E-03
   2.45256396E-03
   2.48079980E-03
   2.50535039E-03
   2.47735064E-03
   2.47097202E-03
   2.46229116E-03
   2.43599107E-03
   2.36793025E-03
   2.30627460E-03
   2.25584535E-03
   2.30508926E-03
   2.14099372E-03
   2.13255221E-03
   2.07757577E-03
   2.07244721E-03
   1.96461962E-03
   1.99035322E-03
   1.95781840E-03
   1.95439230E-03
   1.92543399E-03
   1.93005742E-03
   2.18083290E-03
   2.21403618E-03
   2.33511697E-03
   2.40166672E-03
   2.43679434E-03
   2.51216674E-03
   2.43693194E-03
   2.46438105E-03
   2.44955858E-03
   2.41197110E-03
   2.37399666E-03
   2.36139423E-03
   2.28946353E-03
   2.31370050E-03
   2.23428174E-03
   2.21255003E-03
   2.19309540E-03
   2.16105930E-03
   2.08432274E-03
   2.08563358E-03
   2.08560098E-03
   2.03937246E-03
   2.00686394E-03
   1.98828918E-03
   2.12151185E-03
   2.14838656E-03
   2.18898337E-03
   2.21881573E-03
   2.21283641E-03
   2.21201545E-03
   2.09082407E-03
   2.06806697E-03
   2.03097286E-03
   1.92251906E-03
   1.85911916E-03
   1.83469441E-03
   1.69698580E-03
   1.58422231E-03
   1.57642504E-03
   1.61923480E-03
   1.63873029E-03
   1.65771635E-03
   1.63409428E-03
   1.72992679E-03
   1.83747662E-03
   1.87513931E-03
   1.86221488E-03
   1.84240646E-03
   1.85248663E-03
   1.89724937E-03
   1.98285258E-03
   2.03592889E-03
   1.98638719E-03
   1.89991482E-03
   1.67779136E-03
   1.72707497E-03
   1.73817517E-03
   1.63720397E-03
   1.60822168E-03
   1.59567362E-03
   1.52098492E-03
   1.47658051E-03
   1.40942214E-03
   1.37541723E-03
   1.36302260E-03
   1.36192236E-03
   1.43375143E-03
   1.46716496E-03
   1.49741000E-03
   1.59069209E-03
   1.61815225E-03
   1.60304469E-03
   1.80927326E-03
   1.88410457E-03
   2.04587728E-03
   2.07192381E-03
   2.10275617E-03
   2.12552841E-03
   2.22846214E-03
   2.26580678E-03
   2.28745444E-03
   2.36221845E-03
   2.44178111E-03
   2.47503817E-03
   2.67550303E-03
   2.75703007E-03
   2.61903857E-03
   2.61649978E-03
   2.68879463E-03
   2.67565390E-03
   2.83622439E-03
   2.90498673E-03
   2.92856339E-03
   3.10249836E-03
   3.15507385E-03
   3.18696559E-03
   3.36272595E-03
   3.36095481E-03
   3.49745085E-03
   3.44921462E-03
   3.37305130E-03
   3.31148482E-03
   3.35046602E-03
   3.34434258E-03
   3.34310764E-03
   3.48777650E-03
   3.52917914E-03
   3.55151552E-03
   3.65452422E-03
   3.69276828E-03
   3.76111735E-03
   3.79556417E-03
   3.82619607E-03
   3.88546102E-03
   3.94576741E-03
   3.97074642E-03
   3.95845389E-03
   3.86930094E-03
   3.76815512E-03
   3.60490219E-03
   3.30798281E-03
   3.36960214E-03
   3.32195498E-03
   3.26903560E-03
   3.28963366E-03
   3.31730954E-03
   3.30976816E-03
   3.32558411E-03
   3.35390191E-03
   3.29355779E-03
   3.22542922E-03
   3.17484001E-03
   3.04426346E-03
   3.02354200E-03
   2.92287045E-03
   2.88647180E-03
   2.89388048E-03
   2.93972855E-03
   2.91603990E-03
   2.94965063E-03
   2.94532604E-03
   2.91029247E-03
   2.89647840E-03
   2.91161216E-03
   2.82197446E-03
   2.82086362E-03
   2.77846120E-03
   2.71096453E-03
   2.63557164E-03
   2.69528478E-03
   2.82298937E-03
   2.93894089E-03
   3.06515512E-03
   3.21215531E-03
   3.26294499E-03
   3.30522284E-03
   3.26453615E-03
   3.22641106E-03
   3.19493841E-03
   3.17365327E-03
   3.12798680E-03
   3.07792961E-03
   3.08096875E-03
   3.08831339E-03
   3.09652439E-03
   3.17842164E-03
   3.14977183E-03
   3.13899969E-03
   3.32318246E-03
   3.44198779E-03
   3.74508416E-03
   3.79098533E-03
   3.69396480E-03
   3.64067801E-03
   3.47584509E-03
   3.46922572E-03
   3.48641770E-03
   3.38833989E-03
   3.37034906E-03
   3.33420932E-03
   3.23047908E-03
   3.20179551E-03
   3.16339917E-03
   3.16761527E-03
   3.15842452E-03
   3.13847419E-03
   3.05535505E-03
   3.02877673E-03
   3.02679348E-03
   3.07212002E-03
   3.09525966E-03
   3.13456100E-03
   3.24549433E-03
   3.25762993E-03
   3.25163431E-03
   3.21534951E-03
   3.17864562E-03
   3.07623064E-03
   2.98353052E-03
   2.91837053E-03
   2.90224166E-03
   2.90856953E-03
   2.93499604E-03
   2.94597750E-03
   2.95553566E-03
   2.94682872E-03
   2.86451261E-03
   2.82054045E-03
   2.84450175E-03
   2.90125818E-03
   2.97036185E-03
   3.02288728E-03
   3.06344288E-03
   3.05820024E-03
   3.04876850E-03
   3.01136123E-03
   2.72702170E-03
   2.65133753E-03
   2.39407714E-03
   2.36990000E-03
   2.33142101E-03
   2.34566117E-03
   2.12536380E-03
   2.04162742E-03
   1.96172553E-03
   1.83071126E-03
   1.82389678E-03
   1.81113381E-03
   1.91181363E-03
   1.93792454E-03
   2.16413871E-03
   2.22143345E-03
   2.28912639E-03
   2.34072772E-03
   2.59839674E-03
   2.64979224E-03
   2.63579609E-03
   2.69856304E-03
   2.72362307E-03
   2.73573189E-03
   2.82932236E-03
   2.80763372E-03
   2.79086898E-03
   2.80076615E-03
   2.70382292E-03
   2.68706051E-03
   2.53396342E-03
   2.51184567E-03
   2.52757082E-03
   2.42247526E-03
   2.41855136E-03
   2.34600855E-03
   2.10750080E-03
   1.99976820E-03
   1.96191738E-03
   1.96443801E-03
   1.97150698E-03
   1.97991775E-03
   2.02651531E-03
   2.04825005E-03
   2.06755102E-03
   2.18628254E-03
   2.20607291E-03
   2.21724971E-03
   2.39862152E-03
   2.45080027E-03
   2.52054003E-03
   2.53675086E-03
   2.56631081E-03
   2.58709351E-03
   2.57107313E-03
   2.57826434E-03
   2.55111395E-03
   2.47529289E-03
   2.43204529E-03
   2.41008727E-03
   2.37178965E-03
   2.38637207E-03
   2.36036861E-03
   2.35746731E-03
   2.36617029E-03
   2.39426130E-03
   2.37931311E-03
   2.39657075E-03
   2.43463973E-03
   2.41048844E-03
   2.40729679E-03
   2.38000299E-03
   2.47860909E-03
   2.45963200E-03
   2.56967754E-03
   2.57118698E-03
   2.59838626E-03
   2.58287601E-03
   2.41755019E-03
   2.36518751E-03
   2.29658745E-03
   2.16200994E-03
   2.15888466E-03
   2.15907372E-03
   1.97691005E-03
   1.90472382E-03
   1.83357776E-03
   1.80831435E-03
   1.80535624E-03
   1.82324124E-03
   1.83404877E-03
   1.85335439E-03
   1.88237953E-03
   1.93040795E-03
   1.97095098E-03
   1.99281890E-03
   2.30390229E-03
   2.36840779E-03
   2.62010447E-03
   2.64543830E-03
   2.65690964E-03
   2.66891089E-03
   2.67976453E-03
   2.69009918E-03
   2.68193684E-03
   2.67172884E-03
   2.65244581E-03
   2.63120374E-03
   2.68328213E-03
   2.71559367E-03
   2.97376793E-03
   3.02542909E-03
   3.07501713E-03
   3.10796755E-03
   3.26491171E-03
   3.33404122E-03
   3.35818948E-03
   3.46849184E-03
   3.46878776E-03
   3.50272330E-03
   3.67998797E-03
   3.73287546E-03
   3.85683496E-03
   3.88440164E-03
   3.91411828E-03
   3.93604534E-03
   4.11917875E-03
   4.13649576E-03
   4.14690096E-03
   4.18497948E-03
   4.19741264E-03
   4.21621138E-03
   4.20971634E-03
   4.27248841E-03
   4.33315197E-03
   4.35683643E-03
   4.39587655E-03
   4.42850869E-03
   4.45108907E-03
   4.46389941E-03
   4.51245159E-03
   4.50000353E-03
   4.56281099E-03
   4.57079476E-03
   4.39340435E-03
   4.33179736E-03
   3.84889054E-03
   3.63588473E-03
   3.43753933E-03
   3.39243584E-03
   3.27206589E-03
   3.25805834E-03
   3.28002195E-03
   3.32457619E-03
   3.39052640E-03
   3.44975712E-03
   3.41906492E-03
   3.42516159E-03
   3.36227217E-03
   3.34789953E-03
   3.33841937E-03
   3.42750223E-03
   3.49881616E-03
   3.53290723E-03
   3.55395302E-03
   3.57324979E-03
   3.55572137E-03
   3.51831526E-03
   3.53334518E-03
   3.58636980E-03
   3.79153574E-03
   3.85590782E-03
   3.80415889E-03
   3.81728588E-03
   3.98201915E-03
   4.04350646E-03
   4.04046150E-03
   4.06787079E-03
   4.08913288E-03
   4.09142440E-03
   4.03741654E-03
   4.03170381E-03
   3.91520420E-03
   3.91281536E-03
   4.00378322E-03
   4.04785015E-03
   4.04183194E-03
   4.02439851E-03
   3.96076590E-03
   3.84712429E-03
   3.91841354E-03
   3.99673451E-03
   3.59515660E-03
   3.40391905E-03
   3.02674412E-03
   2.92823021E-03
   2.85753142E-03
   2.77868216E-03
   2.65424978E-03
   2.65193754E-03
   2.67806067E-03
   2.75223074E-03
   2.76715169E-03
   2.84796720E-03
   3.08007584E-03
   3.14692222E-03
   3.30607174E-03
   3.28614702E-03
   3.24830227E-03
   3.21898935E-03
   3.23520275E-03
   3.23717459E-03
   3.24653182E-03
   3.31079005E-03
   3.31752747E-03
   3.31935030E-03
   3.35214473E-03
   3.39186681E-03
   3.45343025E-03
   3.44207254E-03
   3.42280930E-03
   3.40760453E-03
   3.43966740E-03
   3.44788027E-03
   3.48299951E-03
   3.67530785E-03
   3.75642418E-03
   3.84459039E-03
   4.06085746E-03
   4.10857657E-03
   4.19399701E-03
   4.19457629E-03
   4.19520866E-03
   4.17772401E-03
   4.23192931E-03
   4.29120800E-03
   4.38662292E-03
   4.39437805E-03
   4.33965679E-03
   4.31107590E-03
   4.22361121E-03
   4.19566408E-03
   3.91939422E-03
   3.84661276E-03
   3.79516487E-03
   3.73509503E-03
   3.64675117E-03
   3.61904781E-03
   3.69567727E-03
   3.84766492E-03
   3.91611783E-03
   3.87636293E-03
   3.77290207E-03
   3.77331604E-03
   3.71170556E-03
   3.71602178E-03
   3.73499840E-03
   3.76313366E-03
   3.73868900E-03
   3.80913098E-03
   3.83425038E-03
   3.80969630E-03
   3.83490836E-03
   3.84852896E-03
   3.71328974E-03
   3.71878827E-03
   3.38218408E-03
   3.39258485E-03
   3.34870792E-03
   3.25416890E-03
   3.09540541E-03
   3.05340672E-03
   3.01365554E-03
   2.91936006E-03
   2.91962223E-03
   2.92847725E-03
   2.92997528E-03
   2.96524982E-03
   2.87231640E-03
   2.87316064E-03
   2.90031079E-03
   2.92834407E-03
   2.90545379E-03
   2.92051560E-03
   2.90371268E-03
   2.90116156E-03
   2.88380939E-03
   2.89578061E-03
   2.89340224E-03
   2.84742028E-03
   2.40736245E-03
   2.38306890E-03
   2.39351555E-03
   2.37615942E-03
   2.39233812E-03
   2.44729663E-03
   2.49405066E-03
   2.47104652E-03
   2.45785085E-03
   2.40095262E-03
   2.40195426E-03
   2.41782307E-03
   2.30028108E-03
   2.29726802E-03
   2.27863481E-03
   2.26607476E-03
   2.27228296E-03
   2.32551224E-03
   2.39077327E-03
   2.57510459E-03
   2.64546461E-03
   2.68810568E-03
   2.89006741E-03
   2.85350252E-03
   2.69243866E-03
   2.64926930E-03
   2.67307484E-03
   2.63947807E-03
   2.61740806E-03
   2.60568503E-03
   2.57684081E-03
   2.59454269E-03
   2.56114197E-03
   2.50415667E-03
   2.49298988E-03
   2.42221262E-03
   2.58238264E-03
   2.57085450E-03
   2.58650794E-03
   2.64234724E-03
   2.80038337E-03
   2.86988379E-03
   2.93973391E-03
   3.03781545E-03
   3.03815329E-03
   3.11104441E-03
   3.29972524E-03
   3.28029762E-03
   3.18682124E-03
   3.08014429E-03
   3.01884674E-03
   3.06460704E-03
   3.12653440E-03
   3.21990997E-03
   3.22648650E-03
   3.19716358E-03
   3.14042321E-03
   3.12475325E-03
   3.01389489E-03
   3.02022486E-03
   2.92479410E-03
   2.90695555E-03
   2.90550571E-03
   2.91270064E-03
   2.79445550E-03
   2.72850157E-03
   2.65114079E-03
   2.46974896E-03
   2.28215032E-03
   2.24418147E-03
   2.20175134E-03
   2.20510457E-03
   2.13333173E-03
   2.16577901E-03
   2.16926774E-03
   2.16908706E-03
   2.20155483E-03
   2.21279962E-03
   2.20229500E-03
   2.17510876E-03
   2.14613439E-03
   2.14304565E-03
   2.09686160E-03
   2.09071022E-03
   2.00752099E-03
   2.01645540E-03
   2.01650197E-03
   2.04225141E-03
   1.98114687E-03
   1.94696477E-03
   1.96973979E-03
   2.08651833E-03
   2.09430838E-03
   2.12288136E-03
   2.35785102E-03
   2.41373363E-03
   2.27527996E-03
   2.18221266E-03
   2.26666010E-03
   2.30444479E-03
   2.33090459E-03
   2.40989821E-03
   2.39254883E-03
   2.19894131E-03
   2.16225442E-03
   2.07110681E-03
   1.73770962E-03
   1.63117144E-03
   1.56109699E-03
   1.54267205E-03
   1.47432985E-03
   1.45282038E-03
   1.31548045E-03
   1.29300868E-03
   1.32453069E-03
   1.44268177E-03
   1.59896142E-03
   1.71566836E-03
   1.94048102E-03
   1.99738354E-03
   2.09060078E-03
   1.92078296E-03
   1.94110628E-03
   2.24567251E-03
   1.65127474E-03
   1.96324079E-03
   2.02340307E-03
   1.83395518E-03
   1.75320788E-03
   1.74530165E-03
   1.66229194E-03
   1.61108293E-03
   1.52386690E-03
   1.52602955E-03
   1.51543214E-03
   1.51248346E-03
   1.43077062E-03
   1.43260730E-03
   1.45866815E-03
   1.59256323E-03
   1.76588888E-03
   1.87624514E-03
   2.30669766E-03
   2.25020037E-03
   2.28021457E-03
   2.07232730E-03
   1.98152405E-03
   2.23680027E-03
   2.32944451E-03
   2.48825504E-03
   2.63239956E-03
   2.33189645E-03
   2.29546824E-03
   2.13126559E-03
   2.06971657E-03
   2.08941568E-03
   2.01572431E-03
   1.95461744E-03
   1.90328131E-03
   1.87943317E-03
   1.78572815E-03
   1.76685478E-03
   1.74543518E-03
   1.86350325E-03
   1.93728041E-03
   2.02020654E-03
   2.53499486E-03
   2.52120988E-03
   2.56955600E-03
   2.49406975E-03
   2.50424771E-03
   2.57330667E-03
   2.64499988E-03
   2.79244571E-03
   2.86411587E-03
   2.44405470E-03
   2.35050055E-03
   2.23447406E-03
   2.08848668E-03
   1.99861079E-03
   2.03532004E-03
   2.09621619E-03
   2.09006807E-03
   2.07849033E-03
   2.09115096E-03
   2.10977253E-03
   2.07608170E-03
   2.14312202E-03
   2.22908519E-03
   2.32817046E-03
   2.49156822E-03
   2.50657834E-03
   2.49959924E-03
   2.49082013E-03
   2.50498415E-03
   2.50656647E-03
   2.48110341E-03
   2.54177372E-03
   2.55564717E-03
   2.55601783E-03
   2.57188035E-03
   2.55420292E-03
   2.51637492E-03
   2.52168463E-03
   2.55013700E-03
   2.58856965E-03
   2.64579547E-03
   2.70462967E-03
   2.70939944E-03
   2.72762566E-03
   2.69312924E-03
   2.57246196E-03
   2.56167073E-03
   2.60521565E-03
   2.45385547E-03
   2.40315543E-03
   2.35501630E-03
   2.36075395E-03
   2.36310484E-03
   2.41908222E-03
   2.38343608E-03
   2.33555492E-03
   2.31781299E-03
   2.22302671E-03
   2.19547120E-03
   2.14458467E-03
   2.03509559E-03
   1.97852333E-03
   1.87410985E-03
   1.86349312E-03
   1.88069907E-03
   1.88974570E-03
   1.77292305E-03
   1.77036028E-03
   1.79674663E-03
   1.87855063E-03
   1.90874981E-03
   1.95444515E-03
   2.08614604E-03
   2.11127033E-03
   1.98878720E-03
   1.96770323E-03
   1.93017325E-03
   1.90045149E-03
   1.94336288E-03
   1.93864352E-03
   1.91976910E-03
   1.99949811E-03
   2.02619960E-03
   2.05614581E-03
   2.21349765E-03
   2.29246449E-03
   2.48090480E-03
   2.53721490E-03
   2.51751998E-03
   2.49919668E-03
   2.57040537E-03
   2.56841583E-03
   2.56800163E-03
   2.64021009E-03
   2.67463317E-03
   2.73207063E-03
   2.65701627E-03
   2.68357457E-03
   2.62104929E-03
   2.66003236E-03
   2.70969700E-03
   2.70668417E-03
   2.77258712E-03
   2.77783163E-03
   2.76669301E-03
   2.86476896E-03
   2.96730013E-03
   2.92348303E-03
   2.81545706E-03
   2.86961673E-03
   2.79427553E-03
   2.72217998E-03
   2.66030151E-03
   2.59945821E-03
   2.40427605E-03
   2.39403360E-03
   2.40118173E-03
   2.34579039E-03
   2.39354651E-03
   2.32574646E-03
   2.29988829E-03
   2.24409578E-03
   2.22072867E-03
   2.14650412E-03
   2.07682140E-03
   2.07846100E-03
   2.00673379E-03
   1.98195293E-03
   1.95231067E-03
   1.80498720E-03
   1.73711206E-03
   1.68602041E-03
   1.54555764E-03
   1.53267279E-03
   1.46793749E-03
   1.46084186E-03
   1.45907036E-03
   1.43968349E-03
   1.32851547E-03
   1.29945541E-03
   1.26951642E-03
   1.20225037E-03
   1.16643286E-03
   1.16328616E-03
   1.15679973E-03
   1.15370308E-03
   1.13594194E-03
   1.14274723E-03
   1.13401492E-03
   1.09680719E-03
   1.04148407E-03
   1.03722943E-03
   1.05573086E-03
   9.70435853E-04
   9.79320030E-04
   9.79577424E-04
   9.15759185E-04
   9.09910945E-04
   8.55102378E-04
   8.31618556E-04
   8.10839527E-04
   8.07868491E-04
   7.61159579E-04
   7.55964022E-04
   7.54696492E-04
   7.96653214E-04
   8.08389159E-04
   8.27279640E-04
   8.75964703E-04
   8.96178768E-04
   9.27679415E-04
   9.47277818E-04
   9.39477351E-04
   9.39267338E-04
   1.03228749E-03
   1.07849925E-03
   1.16419769E-03
   1.09947217E-03
   1.07650750E-03
   1.09413324E-03
   1.09614187E-03
   1.08901411E-03
   1.02864066E-03
   1.01549656E-03
   9.96829127E-04
   9.85994702E-04
   9.57418350E-04
   9.36557073E-04
   9.24282824E-04
   9.86807398E-04
   1.03674200E-03
   1.07103086E-03
   1.17999723E-03
   1.14798686E-03
   1.19348022E-03
   1.14076061E-03
   1.12598413E-03
   1.12454116E-03
   1.34969526E-03
   1.59420015E-03
   1.71617407E-03
   1.55567972E-03
   1.46190764E-03
   1.40045816E-03
   1.42148626E-03
   1.45081978E-03
   1.38801313E-03
   1.35668472E-03
   1.41757866E-03
   1.46763271E-03
   1.59961241E-03
   1.66666624E-03
   1.75316120E-03
   1.98720675E-03
   2.04616692E-03
   2.06982577E-03
   2.34234612E-03
   2.32280581E-03
   2.37437058E-03
   2.36280495E-03
   2.37212144E-03
   2.38278904E-03
   2.48398003E-03
   2.53257900E-03
   2.57298583E-03
   2.57619168E-03
   2.56899465E-03
   2.55207135E-03
   2.47869384E-03
   2.46384856E-03
   2.32401281E-03
   2.28610286E-03
   2.29892461E-03
   2.40282062E-03
   2.38611270E-03
   2.42849626E-03
   2.45052646E-03
   2.54068663E-03
   2.53910176E-03
   2.43041315E-03
   2.52397382E-03
   2.49684951E-03
   2.66487873E-03
   2.68989522E-03
   2.68292311E-03
   2.67397705E-03
   2.78351642E-03
   2.82114814E-03
   2.83230934E-03
   2.94967089E-03
   3.05171078E-03
   3.14271543E-03
   3.31446039E-03
   3.35840834E-03
   3.47144529E-03
   3.44745279E-03
   3.41974525E-03
   3.40054068E-03
   3.41752521E-03
   3.46461055E-03
   3.48778628E-03
   3.46415350E-03
   3.43574374E-03
   3.45059531E-03
   3.29363183E-03
   3.23784770E-03
   3.03631602E-03
   3.00223264E-03
   2.98970216E-03
   3.01756454E-03
   2.88817752E-03
   2.78774695E-03
   2.72345101E-03
   2.54269270E-03
   2.39935913E-03
   2.34853034E-03
   2.20170384E-03
   2.25511636E-03
   2.14813417E-03
   2.03773566E-03
   1.92757603E-03
   1.86981447E-03
   1.72914460E-03
   1.70661253E-03
   1.69462257E-03
   1.71226636E-03
   1.75669708E-03
   1.82461808E-03
   1.92611536E-03
   1.92487997E-03
   1.91758724E-03
   1.86231104E-03
   1.77586952E-03
   1.73200318E-03
   1.74080511E-03
   2.10010004E-03
   2.21467251E-03
   1.94489071E-03
   1.93782256E-03
   1.95328239E-03
   1.85603963E-03
   1.82970322E-03
   1.58388703E-03
   1.50228117E-03
   1.49133126E-03
   1.46122649E-03
   1.36806211E-03
   1.34915626E-03
   1.39834709E-03
   1.67384965E-03
   1.77744392E-03
   1.78006385E-03
   1.56639342E-03
   1.61428167E-03
   1.57645717E-03
   1.59869005E-03
   1.59326184E-03
   1.56629260E-03
   1.50449667E-03
   1.57055981E-03
   1.64803152E-03
   1.50761660E-03
   1.47621951E-03
   1.50737923E-03
   1.49926753E-03
   1.51457253E-03
   1.38971384E-03
   1.34138111E-03
   1.32569124E-03
   1.31340267E-03
   1.22059160E-03
   1.19225308E-03
   1.17907603E-03
   1.32512255E-03
   1.33849063E-03
   1.35768345E-03
   1.38131855E-03
   1.27976201E-03
   1.24603661E-03
   1.26950815E-03
   1.26295385E-03
   1.24487490E-03
   1.25683006E-03
   1.64776342E-03
   1.70209922E-03
   1.47737458E-03
   1.36859424E-03
   1.31429592E-03
   1.27214438E-03
   1.34117855E-03
   1.22920459E-03
   1.18415710E-03
   1.16111315E-03
   1.16794999E-03
   1.13149255E-03
   1.12584769E-03
   1.15889171E-03
   1.21357769E-03
   1.27921312E-03
   1.32318353E-03
   1.49391219E-03
   1.48694508E-03
   1.59839902E-03
   1.59948703E-03
   1.61776983E-03
   1.70275697E-03
   1.94758910E-03
   2.56290031E-03
   2.69469945E-03
   2.27432069E-03
   2.28271238E-03
   2.29657069E-03
   2.12531071E-03
   2.09269626E-03
   1.82500598E-03
   1.77320372E-03
   1.74960215E-03
   1.76336523E-03
   1.69982167E-03
   1.63809338E-03
   1.64165918E-03
   2.00162549E-03
   1.93644501E-03
   1.94818154E-03
   2.63410551E-03
   2.41603656E-03
   2.51321471E-03
   2.36338377E-03
   2.34827655E-03
   2.35872995E-03
   2.65079760E-03
   3.07051209E-03
   2.73477868E-03
   2.34004157E-03
   2.24324246E-03
   2.20588199E-03
   2.06575752E-03
   1.97790493E-03
   1.88374636E-03
   1.89910305E-03
   1.93266792E-03
   1.95724331E-03
   2.01330986E-03
   2.02518865E-03
   2.05188408E-03
   2.33250973E-03
   2.43024644E-03
   2.53844238E-03
   3.12647596E-03
   3.02007678E-03
   2.81572505E-03
   2.59045791E-03
   2.56052008E-03
   2.60435534E-03
   2.79611489E-03
   3.07581038E-03
   3.23619065E-03
   3.06948950E-03
   3.17148305E-03
   3.21843312E-03
   3.21393972E-03
   3.24203027E-03
   3.27180559E-03
   3.26659693E-03
   3.23125231E-03
   3.22878198E-03
   3.18316650E-03
   3.16100009E-03
   3.14945565E-03
   3.31065711E-03
   3.41411168E-03
   3.38706234E-03
   3.36835138E-03
   3.33725661E-03
   3.19802831E-03
   3.17348680E-03
   3.22535331E-03
   3.37501895E-03
   3.46107152E-03
   3.97149194E-03
   3.50850937E-03
   3.38433753E-03
   3.41468141E-03
   3.07782623E-03
   2.87681608E-03
   2.82697286E-03
   2.59978021E-03
   2.63070012E-03
   2.66429782E-03
   2.69541098E-03
   2.61648558E-03
   2.59674317E-03
   2.59189261E-03
   2.74248025E-03
   2.78120814E-03
   2.81270198E-03
   2.96384352E-03
   2.69746617E-03
   2.64988025E-03
   2.51896610E-03
   2.56937440E-03
   2.68978300E-03
   2.99454760E-03
   3.10328556E-03
   2.97803921E-03
   2.92256172E-03
   2.92010466E-03
   2.84862379E-03
   2.69752159E-03
   2.66783615E-03
   2.48088292E-03
   2.45486037E-03
   2.46939901E-03
   2.50332500E-03
   2.46587722E-03
   2.46939226E-03
   2.47065537E-03
   2.68966821E-03
   2.71266815E-03
   2.69764825E-03
   3.29179992E-03
   2.86578806E-03
   2.77531031E-03
   2.71287374E-03
   2.71711871E-03
   2.69475370E-03
   2.50595971E-03
   3.14751407E-03
   2.70827208E-03
   2.63745175E-03
   2.61592399E-03
   2.56896997E-03
   2.50743097E-03
   2.52880179E-03
   2.66064005E-03
   2.75332085E-03
   2.75247172E-03
   2.76137609E-03
   2.65569077E-03
   2.67839362E-03
   2.72267126E-03
   2.84013827E-03
   3.02762375E-03
   3.22539383E-03
   3.87117337E-03
   3.54386913E-03
   3.29796923E-03
   3.23185464E-03
   3.00915819E-03
   2.34124996E-03
   2.37202412E-03
   3.31727415E-03
   2.91713444E-03
   2.67908862E-03
   2.53900955E-03
   2.44936207E-03
   2.35523679E-03
   2.32857536E-03
   2.29390897E-03
   2.22743116E-03
   2.26759864E-03
   2.33084429E-03
   2.34119291E-03
   2.37735035E-03
   2.48636212E-03
   2.86990986E-03
   3.01629328E-03
   3.09560052E-03
   3.40443291E-03
   3.39546939E-03
   3.13617173E-03
   3.11745564E-03
   3.18891322E-03
   3.32176662E-03
   3.65949329E-03
   3.85268754E-03
   4.14873846E-03
   4.16932208E-03
   4.14431840E-03
   4.12315037E-03
   3.98509763E-03
   3.95290088E-03
   3.72512708E-03
   3.71138542E-03
   3.70050780E-03
   3.67932045E-03
   3.61263612E-03
   3.59676825E-03
   3.61326127E-03
   3.70484265E-03
   3.73996072E-03
   3.74300289E-03
   3.92365502E-03
   4.06619441E-03
   4.18860000E-03
   4.29090159E-03
   4.07529576E-03
   3.72991012E-03
   3.16754030E-03
   2.94600381E-03
   2.95387674E-03
   2.99870339E-03
   3.17212800E-03
   3.37568973E-03
   3.23156593E-03
   3.13475193E-03
   2.68123252E-03
   2.60044518E-03
   2.62799929E-03
   2.65589706E-03
   2.45243171E-03
   2.36931886E-03
   2.29675090E-03
   1.96356815E-03
   2.00214633E-03
   1.93378702E-03
   1.85252633E-03
   1.85398012E-03
   1.67614233E-03
   1.63280556E-03
   1.76602916E-03
   1.69613829E-03
   1.52660254E-03
   1.41836493E-03
   1.40599569E-03
   1.25999632E-03
   1.23281311E-03
   1.23754458E-03
   1.21061713E-03
   1.20651629E-03
   1.25168532E-03
   1.26454863E-03
   1.25677278E-03
   1.26529450E-03
   1.28481165E-03
   1.31483120E-03
   1.30011153E-03
   1.37036014E-03
   1.34016317E-03
   1.27077487E-03
   1.61578692E-03
   1.74093666E-03
   2.30349088E-03
   2.39459891E-03
   2.40354566E-03
   2.54116114E-03
   3.08818999E-03
   3.31322779E-03
   3.43281520E-03
   3.73375881E-03
   3.77087877E-03
   3.83812119E-03
   3.95666528E-03
   3.83427367E-03
   3.62457824E-03
   3.49759706E-03
   3.45883518E-03
   3.52665805E-03
   3.41485254E-03
   3.44883674E-03
   3.47983558E-03
   3.43809207E-03
   3.58593580E-03
   3.75554711E-03
   3.66534432E-03
   3.66841559E-03
   3.75320041E-03
   3.56714870E-03
   3.47323716E-03
   3.36852251E-03
   3.14123044E-03
   3.05273943E-03
   3.00551136E-03
   2.95377546E-03
   2.91334977E-03
   2.67336401E-03
   2.75531039E-03
   2.84072827E-03
   2.37559713E-03
   2.35870178E-03
   2.26996304E-03
   2.23786384E-03
   2.07967474E-03
   2.00881809E-03
   1.97295286E-03
   2.01251078E-03
   2.10540323E-03
   2.14952743E-03
   1.84392033E-03
   1.83265144E-03
   1.74458721E-03
   1.70802651E-03
   1.76735909E-03
   1.71040196E-03
   1.78106036E-03
   1.97806139E-03
   1.62343681E-03
   1.85281492E-03
   1.89237774E-03
   1.84050610E-03
   1.73483801E-03
   1.75901782E-03
   1.72699033E-03
   1.93185231E-03
   2.09375261E-03
   2.12669931E-03
   2.01748987E-03
   1.98170030E-03
   2.06650957E-03
   2.58225761E-03
   2.64885323E-03
   2.52888398E-03
   2.62798183E-03
   2.64473096E-03
   2.96165072E-03
   3.05678928E-03
   3.12971626E-03
   3.26467282E-03
   3.43441078E-03
   3.51499673E-03
   3.55097768E-03
   3.59011278E-03
   3.61389783E-03
   3.63480207E-03
   3.64007126E-03
   3.64164938E-03
   3.63103766E-03
   3.66471871E-03
   3.72097455E-03
   3.76165030E-03
   3.73748480E-03
   3.76140280E-03
   3.69814294E-03
   3.63702513E-03
   3.55176488E-03
   3.43641243E-03
   3.36140580E-03
   3.24688130E-03
   3.13660991E-03
   3.03387549E-03
   2.97897519E-03
   2.98024295E-03
   2.91627506E-03
   2.96333409E-03
   2.97573418E-03
   2.88691302E-03
   2.92345555E-03
   2.97222938E-03
   2.92453868E-03
   2.92829541E-03
   2.94727343E-03
   2.95814825E-03
   2.95855058E-03
   2.94891978E-03
   2.95760948E-03
   2.95918738E-03
   2.95195053E-03
   3.06885270E-03
   3.07041523E-03
   3.09037673E-03
   3.25073954E-03
   3.28362035E-03
   3.38671473E-03
   3.42406123E-03
   3.54477507E-03
   3.60134058E-03
   3.60813132E-03
   3.59709980E-03
   3.61400540E-03
   3.66976392E-03
   3.61343683E-03
   3.59988958E-03
   3.45720677E-03
   3.48812831E-03
   3.41065833E-03
   3.38391331E-03
   3.34502570E-03
   3.31370044E-03
   3.17537715E-03
   3.17077362E-03
   3.18880565E-03
   3.03018792E-03
   2.97666085E-03
   2.94673466E-03
   2.85319891E-03
   2.82955309E-03
   2.75364006E-03
   2.76384992E-03
   2.76442757E-03
   2.71888613E-03
   2.58915056E-03
   2.48612021E-03
   2.53869081E-03
   2.30381475E-03
   2.27165502E-03
   2.25670822E-03
   2.12822529E-03
   2.12985650E-03
   2.05778377E-03
   2.03149626E-03
   2.00930890E-03
   1.98868266E-03
   1.87009259E-03
   1.85720110E-03
   1.86337123E-03
   1.99330784E-03
   1.90868042E-03
   1.91812334E-03
   1.93247444E-03
   1.83962542E-03
   1.68888806E-03
   1.77390885E-03
   1.84448180E-03
   1.83174654E-03
   2.09190790E-03
   2.14410666E-03
   2.45072669E-03
   2.52963253E-03
   2.53797276E-03
   2.47643632E-03
   2.38438603E-03
   2.27837521E-03
   2.28684675E-03
   2.22429447E-03
   2.17174203E-03
   2.16495711E-03
   2.20721960E-03
   2.19160668E-03
   2.17947364E-03
   2.38085445E-03
   2.45419331E-03
   2.53222394E-03
   2.60224240E-03
   2.61890749E-03
   2.71415268E-03
   2.67038681E-03
   2.71159201E-03
   2.64400546E-03
   2.80037383E-03
   2.77927937E-03
   2.81152409E-03
   3.33976606E-03
   3.57941212E-03
   3.63573153E-03
   3.90297384E-03
   3.93845839E-03
   4.03158600E-03
   4.01489297E-03
   4.02312167E-03
   4.07050457E-03
   3.77921201E-03
   3.54409451E-03
   3.36987362E-03
   2.99431919E-03
   2.92431866E-03
   2.87522562E-03
   2.51772674E-03
   2.42092810E-03
   2.28469702E-03
   2.31492799E-03
   2.26225867E-03
   2.23468267E-03
   2.44827801E-03
   2.73866393E-03
   3.27001722E-03
   3.37705878E-03
   3.32581322E-03
   3.15841055E-03
   2.90160952E-03
   2.77748937E-03
   2.83428608E-03
   2.86502438E-03
   3.01659293E-03
   3.07568163E-03
   3.16014281E-03
   3.22090928E-03
   3.25353327E-03
   3.49796633E-03
   3.57602700E-03
   3.59314820E-03
   3.98278562E-03
   4.13015997E-03
   4.73743398E-03
   5.01339789E-03
   5.05772792E-03
   5.09213656E-03
   5.27864369E-03
   5.25348540E-03
   5.17816050E-03
   5.19777974E-03
   5.29283611E-03
   5.36704576E-03
   5.36500337E-03
   5.45608439E-03
   5.04586007E-03
   5.06400596E-03
   5.00134006E-03
   4.95739793E-03
   4.65530250E-03
   4.56296094E-03
   4.55414923E-03
   4.55443934E-03
   4.63413913E-03
   4.66839084E-03
   4.40816162E-03
   4.41522337E-03
   4.45451308E-03
   4.60015843E-03
   4.48594568E-03
   4.43918165E-03
   4.59947903E-03
   4.66916896E-03
   4.63839993E-03
   4.77088336E-03
   4.69396589E-03
   4.69525065E-03
   5.19375829E-03
   5.48629230E-03
   5.92098106E-03
   6.08061813E-03
   5.73626533E-03
   5.51940408E-03
   5.31359715E-03
   5.24988491E-03
   5.23291063E-03
   5.23515977E-03
   5.14774304E-03
   5.08316187E-03
   4.89830971E-03
   4.82575875E-03
   4.67803702E-03
   4.61373385E-03
   4.45737503E-03
   4.34302958E-03
   4.49482026E-03
   4.34474600E-03
   4.20182990E-03
   4.51234356E-03
   4.66760341E-03
   4.92275786E-03
   5.24381222E-03
   5.36426809E-03
   5.79998828E-03
   5.83484722E-03
   5.81935328E-03
   5.80405351E-03
   5.85800596E-03
   5.93642564E-03
   6.01691939E-03
   5.95507910E-03
   6.05095085E-03
   6.12279447E-03
   5.80491358E-03
   5.25007118E-03
   4.73861955E-03
   4.64070914E-03
   4.50806087E-03
   4.41581476E-03
   4.27234638E-03
   4.41901758E-03
   4.73574223E-03
   4.72538779E-03
   4.82447445E-03
   4.79079457E-03
   4.72998247E-03
   4.71775234E-03
   4.42410959E-03
   4.39011445E-03
   4.36266931E-03
   4.29644156E-03
   4.19329153E-03
   4.17790515E-03
   4.19158814E-03
   4.28411271E-03
   4.22966341E-03
   4.17268183E-03
   4.25730925E-03
   4.30034939E-03
   4.50229691E-03
   4.64055594E-03
   4.72642062E-03
   4.70569544E-03
   4.66603693E-03
   4.58302163E-03
   4.59376536E-03
   4.38821223E-03
   4.39663604E-03
   4.41533700E-03
   4.34450805E-03
   4.32644691E-03
   4.33324231E-03
   4.32353467E-03
   4.34118463E-03
   4.36126953E-03
   4.41720290E-03
   4.42313729E-03
   4.46097879E-03
   4.73630428E-03
   4.85490868E-03
   4.88490053E-03
   5.48133673E-03
   5.70111861E-03
   6.33986341E-03
   6.54927921E-03
   6.67038001E-03
   6.85162842E-03
   6.68882160E-03
   6.48491876E-03
   6.08008821E-03
   5.63663710E-03
   5.52495895E-03
   5.47872437E-03
   5.32730110E-03
   5.21270139E-03
   4.92239185E-03
   4.83148126E-03
   4.76935739E-03
   4.72534820E-03
   4.60185483E-03
   4.55271313E-03
   4.49172175E-03
   4.51981649E-03
   4.50456468E-03
   4.56593372E-03
   4.67869407E-03
   4.67799744E-03
   4.72325133E-03
   4.69009718E-03
   4.67660325E-03
   4.68412787E-03
   4.42278991E-03
   4.39970614E-03
   4.44453862E-03
   4.23001219E-03
   4.19096416E-03
   4.16081352E-03
   3.94044956E-03
   3.88370408E-03
   3.74407228E-03
   3.72119015E-03
   3.70138651E-03
   3.69025697E-03
   3.59847350E-03
   3.59847047E-03
   3.59016564E-03
   3.68746393E-03
   3.66977206E-03
   3.63488030E-03
   3.39374878E-03
   3.41115938E-03
   3.18727642E-03
   3.13089904E-03
   3.09493090E-03
   3.05362162E-03
   2.95017590E-03
   2.98070000E-03
   3.10858991E-03
   3.28639569E-03
   3.38032399E-03
   3.40984715E-03
   3.42744961E-03
   3.43457051E-03
   3.42809758E-03
   3.42894183E-03
   3.49223195E-03
   3.51607706E-03
   3.52330436E-03
   3.56992451E-03
   3.60654457E-03
   3.74496216E-03
   3.62293911E-03
   3.59074492E-03
   3.31326737E-03
   3.30004655E-03
   3.48212314E-03
   3.52509529E-03
   3.49652092E-03
   3.88231198E-03
   4.32927441E-03
   4.74132877E-03
   4.75211907E-03
   5.02645131E-03
   5.13565121E-03
   5.22361416E-03
   5.34201600E-03
   5.41928783E-03
   5.44184353E-03
   5.48305456E-03
   5.52202109E-03
   5.56051312E-03
   5.40805794E-03
   5.34056639E-03
   5.22848638E-03
   5.13470871E-03
   4.99103824E-03
   4.96445224E-03
   4.54396475E-03
   4.37680306E-03
   4.00242256E-03
   3.93519318E-03
   3.90977459E-03
   3.91338300E-03
   3.82305961E-03
   3.91027611E-03
   3.85204284E-03
   3.64646176E-03
   3.62626696E-03
   3.60620581E-03
   3.30744311E-03
   3.20706610E-03
   2.97630951E-03
   2.92611844E-03
   2.87545379E-03
   2.81450362E-03
   2.66464730E-03
   2.58639478E-03
   2.57939333E-03
   2.50519160E-03
   2.54612928E-03
   2.66164076E-03
   2.75699422E-03
   2.79301987E-03
   2.85637961E-03
   2.87025934E-03
   2.88326805E-03
   2.84604286E-03
   2.79760128E-03
   2.80262134E-03
   2.71506840E-03
   2.80582649E-03
   2.78589432E-03
   2.79472489E-03
   2.87299952E-03
   2.87449383E-03
   2.87517486E-03
   2.85351160E-03
   2.84018135E-03
   2.83627002E-03
   2.85560172E-03
   2.86642811E-03
   2.95416242E-03
   3.20398808E-03
   3.17004533E-03
   3.06570530E-03
   3.03024822E-03
   3.03967018E-03
   3.04552098E-03
   3.04050627E-03
   3.04424693E-03
   3.02859372E-03
   2.99566286E-03
   2.99247028E-03
   3.12650646E-03
   3.09664267E-03
   3.10477568E-03
   3.04701901E-03
   3.11590056E-03
   3.14868568E-03
   3.24078999E-03
   3.30141699E-03
   3.37725948E-03
   3.45549593E-03
   3.62413307E-03
   3.70282237E-03
   3.71984742E-03
   4.13476489E-03
   4.13115649E-03
   4.23871214E-03
   4.69391979E-03
   4.85358154E-03
   5.16761607E-03
   5.29566966E-03
   5.31555619E-03
   5.30991610E-03
   5.25755296E-03
   5.21177240E-03
   5.28065767E-03
   4.94943606E-03
   4.93540149E-03
   4.93604550E-03
   4.73655993E-03
   4.69923951E-03
   4.59506083E-03
   4.56641335E-03
   4.55508567E-03
   4.49814228E-03
   4.33634128E-03
   4.24841279E-03
   4.10698866E-03
   4.10135277E-03
   3.83427390E-03
   3.80643015E-03
   3.61410342E-03
   3.50163458E-03
   4.29130625E-03
   4.30255150E-03
   4.13563661E-03
   3.95837007E-03
   3.73498560E-03
   3.55444802E-03
   3.27468966E-03
   3.24504357E-03
   3.23292194E-03
   3.25748092E-03
   3.43142683E-03
   3.37546086E-03
   3.33384541E-03
   3.25854938E-03
   3.23305675E-03
   3.21271922E-03
   3.53710284E-03
   3.92843736E-03
   4.27703839E-03
   4.51208232E-03
   4.60199686E-03
   4.67139622E-03
   4.84577287E-03
   4.87184711E-03
   4.96377610E-03
   5.09185763E-03
   5.15591260E-03
   5.19745005E-03
   5.26346406E-03
   5.31554921E-03
   5.31738251E-03
   5.35050640E-03
   5.36934007E-03
   5.35651250E-03
   5.39764063E-03
   5.40244346E-03
   5.12644788E-03
   5.16099483E-03
   5.09493845E-03
   5.11831744E-03
   5.28410450E-03
   5.38558094E-03
   5.35982987E-03
   5.44448756E-03
   5.38863009E-03
   5.36070997E-03
   5.36962785E-03
   5.39224874E-03
   5.48632164E-03
   5.48960641E-03
   5.51595772E-03
   5.52513264E-03
   5.41952439E-03
   5.37336571E-03
   5.60796261E-03
   5.32036554E-03
   5.19064069E-03
   5.35168638E-03
   5.45182126E-03
   5.31510962E-03
   5.13903517E-03
   5.22680487E-03
   5.10350941E-03
   5.12604369E-03
   5.28316759E-03
   5.26189711E-03
   5.21498220E-03
   5.92687866E-03
   5.83420880E-03
   5.62910037E-03
   5.07429335E-03
   4.90489881E-03
   4.72132768E-03
   4.54743719E-03
   4.46033152E-03
   4.26910259E-03
   4.01642779E-03
   3.99326906E-03
   5.01189008E-03
   5.02096117E-03
   5.00029977E-03
   5.00537967E-03
   5.05746296E-03
   5.03626885E-03
   4.98885242E-03
   4.97735152E-03
   4.97400947E-03
   4.95454622E-03
   4.98239975E-03
   4.96753678E-03
   4.93011903E-03
   5.03417104E-03
   5.00787469E-03
   5.08670276E-03
   5.56499092E-03
   5.74910967E-03
   6.10778993E-03
   6.08987687E-03
   6.63969945E-03
   6.88943360E-03
   6.87445560E-03
   6.83861133E-03
   6.89245947E-03
   6.97774300E-03
   6.98171277E-03
   6.99694688E-03
   7.01894192E-03
   7.06360349E-03
   7.17392191E-03
   7.30678719E-03
   7.38100661E-03
   7.42423069E-03
   7.28875212E-03
   7.12214271E-03
   6.96099177E-03
   6.75930688E-03
   6.88751321E-03
   6.86954567E-03
   6.24275114E-03
   6.09135255E-03
   6.22588117E-03
   5.87787060E-03
   5.72140515E-03
   5.79074025E-03
   6.62342971E-03
   7.00962916E-03
   7.34348642E-03
   7.25876680E-03
   7.26282224E-03
   7.21141417E-03
   7.27428496E-03
   7.35602714E-03
   7.43024284E-03
   7.55321980E-03
   7.59361172E-03
   7.69711426E-03
   7.47682713E-03
   7.34399119E-03
   7.43218046E-03
   7.69134285E-03
   7.83369504E-03
   7.80937029E-03
   7.67965009E-03
   7.56342849E-03
   6.64376980E-03
   6.36844151E-03
   6.20419113E-03
   6.10358641E-03
   6.11458253E-03
   6.06855843E-03
   5.90631831E-03
   5.81414485E-03
   5.74739557E-03
   5.75729273E-03
   5.59307495E-03
   5.47947455E-03
   5.25322929E-03
   5.30743413E-03
   5.41506102E-03
   5.52796386E-03
   5.45739988E-03
   5.50172850E-03
   5.50767360E-03
   5.53970644E-03
   5.39492536E-03
   5.30425180E-03
   4.91712568E-03
   4.87776566E-03
   4.49836627E-03
   4.73653525E-03
   4.99449158E-03
   5.07328846E-03
   4.54302132E-03
   4.21168609E-03
   3.99114890E-03
   3.59878247E-03
   3.54455458E-03
   3.65288998E-03
   3.75359994E-03
   3.82162491E-03
   3.56171513E-03
   3.45648895E-03
   3.33083794E-03
   3.18241119E-03
   2.98494683E-03
   2.90839793E-03
   2.81197159E-03
   2.30616308E-03
   2.32898467E-03
   2.43229256E-03
   2.11065845E-03
   2.06371979E-03
   2.14822218E-03
   2.13866052E-03
   2.14622635E-03
   2.13872478E-03
   2.24236213E-03
   2.27993797E-03
   2.49441247E-03
   2.82498868E-03
   3.03835375E-03
   3.59243969E-03
   4.05296683E-03
   4.23454167E-03
   4.09565819E-03
   4.03844845E-03
   3.90454335E-03
   3.83430882E-03
   3.81580298E-03
   3.80910351E-03
   3.82994092E-03
   3.89612908E-03
   3.31578031E-03
   3.05133406E-03
   2.48258421E-03
   2.37092632E-03
   2.33044056E-03
   2.30588554E-03
   2.40455754E-03
   2.49161222E-03
   2.71673873E-03
   2.79569207E-03
   2.73410045E-03
   3.36355390E-03
   3.59467859E-03
   3.82389803E-03
   4.04154230E-03
   4.06310149E-03
   3.86731001E-03
   3.82120488E-03
   3.76353203E-03
   3.68610164E-03
   3.57947848E-03
   3.55816307E-03
   3.56307300E-03
   3.22058867E-03
   3.06604872E-03
   2.99592363E-03
   2.26895651E-03
   2.18970305E-03
   1.97963906E-03
   2.01954693E-03
   2.09236634E-03
   2.04528030E-03
   2.11539958E-03
   2.16025556E-03
   2.37567024E-03
   2.62653641E-03
   2.62414129E-03
   2.63641099E-03
   2.78418162E-03
   2.94245942E-03
   2.97142914E-03
   2.92738108E-03
   2.96821282E-03
   2.88150064E-03
   2.95491330E-03
   3.12570645E-03
   3.16000730E-03
   3.00258445E-03
   2.74791825E-03
   2.60126125E-03
   2.49231700E-03
   2.54736398E-03
   2.65652337E-03
   2.53793830E-03
   2.48812349E-03
   2.56418646E-03
   2.68686493E-03
   2.62819207E-03
   2.61384738E-03
   2.92959972E-03
   3.06304032E-03
   3.21616116E-03
   3.53587000E-03
   3.71269765E-03
   3.75294429E-03
   3.80347762E-03
   3.89267504E-03
   3.96403857E-03
   4.09666542E-03
   4.03801911E-03
   4.01726132E-03
   3.96818807E-03
   3.72226373E-03
   3.24509013E-03
   2.73383572E-03
   2.59088958E-03
   3.06700729E-03
   3.17684887E-03
   3.24653927E-03
   3.29746073E-03
   3.58294719E-03
   3.55389505E-03
   4.08741273E-03
   4.67699673E-03
   4.93105408E-03
   5.12490375E-03
   5.19371685E-03
   5.25723537E-03
   5.28047793E-03
   5.42494701E-03
   5.49057079E-03
   5.47735300E-03
   5.56528196E-03
   5.55597153E-03
   5.48415631E-03
   5.80361951E-03
   5.89307910E-03
   5.94079914E-03
   5.17972792E-03
   4.89124050E-03
   4.93075885E-03
   4.77318186E-03
   4.36048117E-03
   4.02675383E-03
   3.87335219E-03
   3.77177703E-03
   3.92097048E-03
   4.30330588E-03
   4.32426482E-03
   4.35979292E-03
   4.49213944E-03
   4.38508857E-03
   4.61521186E-03
   4.64727730E-03
   4.66878992E-03
   4.71656816E-03
   4.64665378E-03
   4.67302557E-03
   4.62180143E-03
   4.23382502E-03
   4.19354718E-03
   4.16083867E-03
   3.84530262E-03
   3.93446023E-03
   3.56908934E-03
   3.57082998E-03
   3.58518073E-03
   3.43130226E-03
   3.12039303E-03
   3.02481209E-03
   3.03122913E-03
   3.04155075E-03
   3.08601349E-03
   3.08411778E-03
   3.15073691E-03
   3.18197766E-03
   3.14613828E-03
   3.14841396E-03
   3.15466570E-03
   3.17119830E-03
   3.20603838E-03
   3.20771313E-03
   3.22584249E-03
   2.88622547E-03
   2.80560320E-03
   2.73419102E-03
   2.26184144E-03
   2.08423147E-03
   1.94687920E-03
   1.93351903E-03
   1.91293645E-03
   1.93915982E-03
   1.89875998E-03
   1.98090053E-03
   2.77336012E-03
   2.87289452E-03
   2.59566237E-03
   2.37405300E-03
   2.46663392E-03
   2.43234402E-03
   2.45133252E-03
   2.45365151E-03
   2.46255449E-03
   2.51725875E-03
   2.65876087E-03
   2.81569944E-03
   2.95680109E-03
   2.94226594E-03
   2.98988726E-03
   3.10338195E-03
   2.83771078E-03
   2.52520945E-03
   2.59345677E-03
   2.66029988E-03
   2.64671282E-03
   2.70705647E-03
   2.73143430E-03
   2.61459756E-03
   2.66132690E-03
   2.84652342E-03
   2.91880197E-03
   2.96962052E-03
   3.06348689E-03
   3.02904635E-03
   3.12603754E-03
   3.10979108E-03
   3.12615605E-03
   3.16436240E-03
   3.27636325E-03
   3.40324035E-03
   3.41493497E-03
   3.61280050E-03
   3.51851922E-03
   3.57097085E-03
   3.37847602E-03
   3.18212225E-03
   3.09412973E-03
   3.14863166E-03
   3.21711809E-03
   3.35893524E-03
   3.29635642E-03
   3.19526531E-03
   3.08251381E-03
   3.29623348E-03
   3.36260884E-03
   3.44899716E-03
   3.57380859E-03
   3.49647738E-03
   3.62254330E-03
   3.61883524E-03
   3.61741474E-03
   3.62555450E-03
   3.83402803E-03
   3.87220178E-03
   3.83018306E-03
   4.07175999E-03
   4.13844129E-03
   4.19776421E-03
   4.47486946E-03
   4.65347990E-03
   5.43802232E-03
   5.58906328E-03
   5.70851984E-03
   5.75827947E-03
   6.98065292E-03
   7.55512156E-03
   7.75213446E-03
   7.30202394E-03
   7.25947181E-03
   7.14397663E-03
   6.67339657E-03
   6.36346452E-03
   5.80949523E-03
   5.66352578E-03
   5.55842463E-03
   5.37305837E-03
   5.10052778E-03
   4.84470418E-03
   4.90321591E-03
   4.79371427E-03
   4.85381205E-03
   4.93581174E-03
   4.53360658E-03
   4.49032011E-03
   4.29266319E-03
   4.25105263E-03
   3.83324595E-03
   4.25371481E-03
   4.32807626E-03
   4.40581143E-03
   4.42316616E-03
   4.36259760E-03
   4.26617218E-03
   4.19113971E-03
   3.98941711E-03
   3.95653257E-03
   3.87657085E-03
   3.85345123E-03
   3.85536882E-03
   3.84271541E-03
   3.72222206E-03
   3.66463629E-03
   3.56285111E-03
   3.41441040E-03
   3.25273955E-03
   3.04983207E-03
   2.71076337E-03
   2.37544207E-03
   2.75938422E-03
   2.68175267E-03
   3.05748265E-03
   3.48948804E-03
   3.60932271E-03
   3.35708773E-03
   3.01988609E-03
   2.94609135E-03
   2.90230685E-03
   2.92136311E-03
   2.97960197E-03
   2.98384740E-03
   2.91324523E-03
   2.92340177E-03
   2.95935688E-03
   2.96253734E-03
   2.96318554E-03
   3.00267409E-03
   3.06862127E-03
   2.93642655E-03
   3.01308534E-03
   3.20230168E-03
   3.25348834E-03
   3.32259387E-03
   3.52810556E-03
   3.46695003E-03
   3.33199534E-03
   3.26022273E-03
   3.12820147E-03
   3.22956988E-03
   3.42390756E-03
   3.34253814E-03
   3.67804617E-03
   3.91037716E-03
   3.80427553E-03
   3.77819571E-03
   3.74251138E-03
   3.77495959E-03
   3.83109157E-03
   3.94393690E-03
   4.33266675E-03
   4.50501824E-03
   4.54735942E-03
   5.01673948E-03
   5.05149132E-03
   5.22277132E-03
   6.10387139E-03
   6.28891448E-03
   6.25065202E-03
   6.09620847E-03
   6.06602663E-03
   6.56165974E-03
   7.94040319E-03
   8.46185442E-03
   9.33705922E-03
   9.17245261E-03
   9.24415607E-03
   9.59582627E-03
   8.54127202E-03
   7.79939583E-03
   6.60417741E-03
   6.39442448E-03
   6.24038745E-03
   6.21003564E-03
   5.64563833E-03
   5.53144515E-03
   5.57322847E-03
   5.20853233E-03
   5.27297752E-03
   5.54295955E-03
   5.48559614E-03
   5.31300530E-03
   4.87954589E-03
   4.54938039E-03
   4.86947829E-03
   5.13119809E-03
   4.99684410E-03
   4.93513793E-03
   4.98136459E-03
   5.04724076E-03
   5.09197498E-03
   5.05567715E-03
   5.03246160E-03
   4.99374513E-03
   4.84310323E-03
   4.75568464E-03
   4.70257783E-03
   4.67067165E-03
   4.78474470E-03
   4.83938213E-03
   4.94314032E-03
   5.10609429E-03
   5.18198591E-03
   5.06063877E-03
   4.43097437E-03
   4.39446932E-03
   4.53177979E-03
   4.44785878E-03
   4.47461987E-03
   4.55949781E-03
   4.56616562E-03
   4.59536631E-03
   4.61332267E-03
   4.81855450E-03
   4.82344441E-03
   4.76476317E-03
   4.90546739E-03
   4.88962140E-03
   4.89412295E-03
   4.92144655E-03
   4.93255071E-03
   4.95273247E-03
   5.13438974E-03
   5.27611701E-03
   5.39728440E-03
   5.65468660E-03
   5.73282549E-03
   5.58669213E-03
   5.19348355E-03
   5.30299684E-03
   5.67600224E-03
   5.57831442E-03
   5.48038678E-03
   5.55486511E-03
   5.93182445E-03
   6.15599891E-03
   6.54895743E-03
   6.51029451E-03
   6.51674857E-03
   6.52943552E-03
   6.28379593E-03
   6.21643942E-03
   5.98819461E-03
   5.95428608E-03
   5.86544769E-03
   5.73451864E-03
   5.47836302E-03
   5.32037346E-03
   5.21666277E-03
   5.00874408E-03
   4.91435500E-03
   4.84772120E-03
   4.39258805E-03
   4.45550121E-03
   4.67986288E-03
   4.77003958E-03
   4.91974270E-03
   5.03149722E-03
   4.79508424E-03
   4.95965080E-03
   4.96557215E-03
   5.14878565E-03
   5.13535645E-03
   5.15896687E-03
   5.32678748E-03
   5.42924739E-03
   5.48029551E-03
   5.54715469E-03
   5.63520519E-03
   5.76082338E-03
   6.00881875E-03
   6.03275886E-03
   6.05286891E-03
   6.37199357E-03
   6.46710955E-03
   6.49970723E-03
   6.65283715E-03
   6.40039239E-03
   6.26873365E-03
   6.42615976E-03
   6.55347435E-03
   6.77120360E-03
   6.76185684E-03
   6.74966909E-03
   6.52618008E-03
   6.40984625E-03
   6.41171122E-03
   6.27975026E-03
   5.96265448E-03
   5.79370512E-03
   5.58962254E-03
   5.38015738E-03
   5.27848257E-03
   5.23226149E-03
   5.15339756E-03
   5.25150308E-03
   5.36687765E-03
   5.38838934E-03
   5.52700879E-03
   5.35677373E-03
   4.71990742E-03
   4.72569093E-03
   4.57618851E-03
   4.27566469E-03
   4.23591118E-03
   4.40755207E-03
   4.62588714E-03
   4.64686146E-03
   4.57950076E-03
   4.42762161E-03
   4.22722800E-03
   4.04808437E-03
   4.05800110E-03
   4.15349426E-03
   4.24675830E-03
   4.26510349E-03
   4.28215042E-03
   4.28171782E-03
   4.41691745E-03
   4.53845458E-03
   4.66785673E-03
   4.87880548E-03
   5.02490206E-03
   5.09924861E-03
   4.94260574E-03
   4.62522171E-03
   4.67053521E-03
   4.81066760E-03
   4.96522477E-03
   5.31677809E-03
   5.36250789E-03
   6.12686900E-03
   6.01460924E-03
   6.03365293E-03
   6.12835074E-03
   6.10283297E-03
   5.84368920E-03
   5.74214896E-03
   5.53055806E-03
   5.31661836E-03
   5.16860466E-03
   4.97000245E-03
   4.75610374E-03
   4.66824370E-03
   4.52799024E-03
   4.02396126E-03
   4.04107384E-03
   3.97193572E-03
   3.59235704E-03
   3.55758844E-03
   2.92500714E-03
   2.86023691E-03
   2.78343074E-03
   2.83670868E-03
   2.69651087E-03
   2.68316572E-03
   2.80995178E-03
   3.55709577E-03
   3.51481861E-03
   3.42010031E-03
   3.53674660E-03
   3.59591236E-03
   3.72680090E-03
   3.67913232E-03
   3.62146506E-03
   3.61844804E-03
   3.76578048E-03
   3.91094806E-03
   3.96351051E-03
   3.87257058E-03
   3.79975536E-03
   3.43361474E-03
   3.23843048E-03
   3.22384713E-03
   3.38605535E-03
   3.17354244E-03
   3.14965891E-03
   3.09527689E-03
   3.17095756E-03
   3.21578700E-03
   3.57293617E-03
   3.96745419E-03
   3.86394886E-03
   3.80966160E-03
   3.96689866E-03
   4.04853234E-03
   3.60801094E-03
   3.41267604E-03
   3.38975550E-03
   3.44334915E-03
   3.39333387E-03
   3.47830914E-03
   3.56461294E-03
   3.53655731E-03
   3.64081678E-03
   3.64167849E-03
   3.36991646E-03
   3.33422795E-03
   3.11637204E-03
   2.94988672E-03
   2.80777342E-03
   2.64892378E-03
   2.61467951E-03
   2.76529160E-03
   2.72665941E-03
   2.92120082E-03
   2.87865545E-03
   2.84648291E-03
   3.05089541E-03
   3.06447828E-03
   3.15468828E-03
   3.15726153E-03
   3.16730491E-03
   3.15120863E-03
   3.23088514E-03
   3.28221312E-03
   3.23908194E-03
   2.93929945E-03
   3.08891549E-03
   3.18208616E-03
   3.10779968E-03
   3.10883485E-03
   3.06932139E-03
   3.05465120E-03
   2.98021594E-03
   2.88989535E-03
   2.59145815E-03
   2.53839977E-03
   2.45841336E-03
   2.73121032E-03
   2.77914293E-03
   2.81625101E-03
   3.09481425E-03
   3.12261889E-03
   3.07050673E-03
   3.10354121E-03
   3.11805680E-03
   3.12154414E-03
   3.20313103E-03
   3.27160768E-03
   3.42059205E-03
   3.24421749E-03
   3.03241936E-03
   3.22857127E-03
   3.24633624E-03
   3.40070133E-03
   3.43570509E-03
   3.45612550E-03
   3.40364408E-03
   3.26401368E-03
   3.22841643E-03
   3.23450100E-03
   3.23691498E-03
   3.41820437E-03
   3.46643641E-03
   3.51943844E-03
   3.65117844E-03
   3.69260274E-03
   3.74824088E-03
   3.75595503E-03
   3.72152100E-03
   3.73648107E-03
   3.92698497E-03
   3.99988936E-03
   3.98836005E-03
   3.68288159E-03
   3.55045148E-03
   3.53535265E-03
   3.55336419E-03
   3.54121299E-03
   3.67159164E-03
   3.68923903E-03
   3.69590870E-03
   3.71224922E-03
   3.82145122E-03
   3.85942496E-03
   4.10481310E-03
   5.09120198E-03
   5.05002541E-03
   5.03143063E-03
   5.06710680E-03
   5.02835307E-03
   5.38506731E-03
   5.29645989E-03
   5.18549606E-03
   5.09222178E-03
   5.23445336E-03
   5.22693526E-03
   5.38238650E-03
   5.49631426E-03
   5.40015008E-03
   5.05852420E-03
   4.38525528E-03
   4.16766200E-03
   4.82255314E-03
   5.09570586E-03
   4.98269638E-03
   5.75869530E-03
   6.71709096E-03
   6.92402571E-03
   8.00874643E-03
   8.02700408E-03
   8.01645126E-03
   8.06976762E-03
   8.08103941E-03
   8.09842721E-03
   7.72883138E-03
   7.64702167E-03
   7.49956211E-03
   7.43571622E-03
   7.21454062E-03
   7.06939399E-03
   7.04946928E-03
   7.15766335E-03
   7.15213269E-03
   7.30554201E-03
   7.56052742E-03
   7.67422002E-03
   7.60344183E-03
   7.14155193E-03
   7.24607427E-03
   7.34926295E-03
   7.25078862E-03
   7.20463879E-03
   6.85598422E-03
   6.56805700E-03
   6.45314390E-03
   6.64513139E-03
   6.55659568E-03
   6.42949902E-03
   6.25133235E-03
   6.05346588E-03
   5.87533368E-03
   5.81648713E-03
   6.01982325E-03
   6.19935524E-03
   6.52154582E-03
   6.85900450E-03
   6.87163277E-03
   6.75110845E-03
   6.50182553E-03
   6.32695388E-03
   6.10460015E-03
   6.27460750E-03
   6.12646947E-03
   5.82815195E-03
   5.93064353E-03
   6.06436282E-03
   6.13669027E-03
   5.93267195E-03
   5.74749475E-03
   5.61869424E-03
   5.44072082E-03
   5.43136243E-03
   5.24518080E-03
   5.33713214E-03
   5.45109995E-03
   5.50268590E-03
   5.75341331E-03
   5.82445413E-03
   5.87100489E-03
   6.14126213E-03
   6.01285743E-03
   5.89448586E-03
   5.43101039E-03
   5.24747930E-03
   5.84187079E-03
   5.78091247E-03
   5.65734273E-03
   5.50761539E-03
   5.49535593E-03
   6.06460636E-03
   6.27414836E-03
   6.25135843E-03
   6.19129650E-03
   6.15681848E-03
   5.92012797E-03
   5.86620998E-03
   5.39123546E-03
   5.29656326E-03
   5.28283278E-03
   5.30345598E-03
   5.67517197E-03
   5.79019263E-03
   5.91732655E-03
   6.06274698E-03
   5.85792121E-03
   5.93274366E-03
   5.41653251E-03
   5.49107650E-03
   5.28275780E-03
   5.26768528E-03
   5.21076890E-03
   4.99539450E-03
   5.11360867E-03
   5.56181045E-03
   5.85993193E-03
   6.68325555E-03
   6.70704991E-03
   6.62372587E-03
   6.91278698E-03
   6.91794883E-03
   7.14226346E-03
   7.16188084E-03
   7.14007532E-03
   7.07964227E-03
   7.22371740E-03
   7.28251785E-03
   7.33309658E-03
   7.84485135E-03
   8.22569523E-03
   8.46451335E-03
   8.87382496E-03
   8.93323310E-03
   9.39795841E-03
   9.38783213E-03
   9.50575899E-03
   9.67184175E-03
   9.71091632E-03
   9.78561584E-03
   9.83585790E-03
   9.65493731E-03
   9.78495274E-03
   9.91464499E-03
   9.85280704E-03
   9.83308163E-03
   9.30647179E-03
   9.20510106E-03
   8.81699100E-03
   8.59558582E-03
   8.91385041E-03
   9.15815961E-03
   9.42867808E-03
   1.00060059E-02
   1.01175206E-02
   1.02302134E-02
   1.04414243E-02
   1.02573568E-02
   1.02325594E-02
   1.01064369E-02
   1.04527744E-02
   1.03232367E-02
   1.01989927E-02
   1.01596322E-02
   1.00128055E-02
   1.00696292E-02
   1.02287661E-02
   1.03662275E-02
   1.01807090E-02
   1.00008985E-02
   9.94629320E-03
   9.90226679E-03
   9.77854151E-03
   9.77644511E-03
   9.89041757E-03
   9.73090436E-03
   9.65370890E-03
   1.01335719E-02
   1.03715807E-02
   1.05645377E-02
   1.14009827E-02
   1.09921284E-02
   1.10013066E-02
   1.12273889E-02
   1.10981129E-02
   1.09782247E-02
   1.08405147E-02
   1.08570429E-02
   1.09827947E-02
   1.11071840E-02
   1.10191666E-02
   1.11092310E-02
   1.10405879E-02
   1.12361116E-02
   1.09684542E-02
   1.09857013E-02
   1.08711272E-02
   1.08255297E-02
   1.10850474E-02
   1.11746490E-02
   1.12468814E-02
   1.16074197E-02
   1.17305042E-02
   1.17432335E-02
   1.14920950E-02
   1.14480890E-02
   1.02909217E-02
   9.83620249E-03
   9.36438143E-03
   9.50103253E-03
   9.38674435E-03
   7.89384637E-03
   7.69049162E-03
   7.56927626E-03
   7.33019272E-03
   7.31811812E-03
   6.99798623E-03
   6.91511063E-03
   6.54887408E-03
   6.43524528E-03
   6.36643730E-03
   6.32784329E-03
   6.64351322E-03
   6.75283698E-03
   6.92754285E-03
   7.11172214E-03
   7.27325398E-03
   6.93586329E-03
   6.55605597E-03
   6.50141947E-03
   6.46974379E-03
   6.53535593E-03
   6.50530634E-03
   6.46479148E-03
   6.25370396E-03
   6.40572002E-03
   6.34892704E-03
   7.19325617E-03
   7.20801670E-03
   7.24446075E-03
   7.25742755E-03
   7.28797866E-03
   7.27602839E-03
   7.31210783E-03
   7.28914328E-03
   7.27880327E-03
   7.45999208E-03
   7.43703637E-03
   7.38727488E-03
   7.65006058E-03
   7.82751013E-03
   8.11695401E-03
   7.93264806E-03
   7.66653987E-03
   7.91650545E-03
   7.90779851E-03
   7.72748748E-03
   7.56445853E-03
   7.11888913E-03
   7.13794678E-03
   7.14083528E-03
   7.27533130E-03
   7.27399020E-03
   7.40454625E-03
   7.31281657E-03
   7.36403372E-03
   6.80780457E-03
   6.84983935E-03
   6.99045556E-03
   7.01219495E-03
   7.57943280E-03
   7.79524632E-03
   7.92269129E-03
   8.06566793E-03
   7.68807018E-03
   7.65469205E-03
   6.98569464E-03
   7.03668082E-03
   6.72535226E-03
   6.87487982E-03
   6.73141098E-03
   6.71419408E-03
   6.41535688E-03
   6.86778780E-03
   6.76822709E-03
   7.03369733E-03
   7.06463261E-03
   7.13993143E-03
   7.09210755E-03
   7.22454535E-03
   6.73490949E-03
   6.70675701E-03
   6.71505602E-03
   6.76160166E-03
   6.90170284E-03
   6.91195251E-03
   6.85814675E-03
   6.15466153E-03
   6.04754360E-03
   5.56323398E-03
   4.88061458E-03
   4.93836077E-03
   4.65047872E-03
   4.64397902E-03
   4.65885643E-03
   4.59468132E-03
   4.56855027E-03
   4.41499613E-03
   4.44280496E-03
   5.40259155E-03
   5.62128425E-03
   5.73948352E-03
   5.67396730E-03
   5.65475877E-03
   5.60186664E-03
   5.65959793E-03
   5.75525546E-03
   5.81845688E-03
   6.31107995E-03
   6.52912306E-03
   6.85746083E-03
   6.19101664E-03
   6.09607575E-03
   5.92315150E-03
   5.18022617E-03
   5.18668769E-03
   5.39796054E-03
   5.35417348E-03
   5.33585809E-03
   5.31405490E-03
   5.22756344E-03
   5.19481301E-03
   5.14201727E-03
   7.15084001E-03
   6.73444243E-03
   6.77073887E-03
   6.67320425E-03
   6.81006210E-03
   6.38609100E-03
   6.34014094E-03
   6.28517289E-03
   6.29696064E-03
   6.85605733E-03
   7.04220915E-03
   7.24054268E-03
   7.63373682E-03
   8.12489074E-03
   8.32653791E-03
   8.00160691E-03
   7.79550709E-03
   7.76266120E-03
   7.72950379E-03
   7.68846972E-03
   7.87845347E-03
   8.49133730E-03
   9.01882257E-03
   9.35806334E-03
   9.78787150E-03
   9.77167208E-03
   9.74609889E-03
   9.82725434E-03
   9.90109332E-03
   9.99144930E-03
   9.96629708E-03
   9.92080942E-03
   9.93668009E-03
   1.04131121E-02
   1.05572492E-02
   1.08414171E-02
   1.13551645E-02
   1.16212079E-02
   1.17089720E-02
   1.09048653E-02
   1.01086963E-02
   9.56153218E-03
   8.93136952E-03
   8.59347638E-03
   8.39680526E-03
   7.94730522E-03
   7.80448643E-03
   7.96551630E-03
   9.34461318E-03
   8.98493640E-03
   8.90101027E-03
   8.84157885E-03
   8.77812784E-03
   8.48483015E-03
   8.52190703E-03
   8.55377223E-03
   8.45707301E-03
   9.06631537E-03
   9.22412798E-03
   9.40997992E-03
   9.55835916E-03
   9.36663337E-03
   9.10739787E-03
   8.40920396E-03
   8.74641724E-03
   9.57227126E-03
   9.45678167E-03
   9.53790173E-03
   9.50602535E-03
   9.51131806E-03
   9.30130668E-03
   9.43483599E-03
   1.03891548E-02
   9.77565162E-03
   9.34329722E-03
   9.15369950E-03
   9.03068483E-03
   8.93348269E-03
   9.09596030E-03
   9.15210322E-03
   9.21226013E-03
   9.27694701E-03
   9.34609026E-03
   9.49240569E-03
   9.46886651E-03
   9.51485522E-03
   9.35598928E-03
   8.81844945E-03
   8.63242522E-03
   8.79735500E-03
   8.69884342E-03
   8.59023910E-03
   8.32489319E-03
   8.21806211E-03
   8.30492564E-03
   8.04662332E-03
   8.31073057E-03
   8.18533916E-03
   8.04303959E-03
   7.73811061E-03
   7.48543628E-03
   7.07387598E-03
   6.99023437E-03
   6.98304642E-03
   6.98092254E-03
   7.36474060E-03
   7.64133874E-03
   7.89088756E-03
   8.57010204E-03
   9.09536611E-03
   9.46199615E-03
   9.63774510E-03
   9.64679662E-03
   1.04686413E-02
   1.04208915E-02
   1.06674600E-02
   1.10008130E-02
   1.16917090E-02
   1.19135948E-02
   1.22221606E-02
   1.22301225E-02
   1.19679235E-02
   1.20952763E-02
   1.14954030E-02
   1.10741565E-02
   1.01991631E-02
   9.78237297E-03
   9.67696123E-03
   9.42092109E-03
   9.89298243E-03
   1.01713007E-02
   1.03403050E-02
   1.18037723E-02
   1.21045541E-02
   1.16840517E-02
   1.04133766E-02
   9.98673309E-03
   1.01597998E-02
   1.02311429E-02
   9.81600583E-03
   1.01567293E-02
   1.05727753E-02
   1.11394161E-02
   1.16968788E-02
   1.13910083E-02
   1.15584359E-02
   1.16069531E-02
   1.00651737E-02
   9.25767142E-03
   8.32098909E-03
   8.14632233E-03
   8.06240365E-03
   7.95775093E-03
   7.59870745E-03
   7.52510875E-03
   7.43977446E-03
   6.99198432E-03
   6.90238364E-03
   6.88233227E-03
   6.92294212E-03
   7.04763085E-03
   7.16229482E-03
   7.09667755E-03
   7.29142735E-03
   7.37736607E-03
   7.42817018E-03
   7.40755117E-03
   7.35001406E-03
   7.84532540E-03
   8.06345511E-03
   8.17224476E-03
   8.28334596E-03
   8.32332484E-03
   7.97562674E-03
   7.97110982E-03
   7.94640556E-03
   7.89072458E-03
   7.96652585E-03
   7.89197441E-03
   7.90195167E-03
   8.12123623E-03
   8.28587171E-03
   8.13736394E-03
   7.23763835E-03
   7.09468359E-03
   6.74806116E-03
   6.53467234E-03
   6.39326079E-03
   6.43147528E-03
   6.18912885E-03
   5.90263447E-03
   5.92518691E-03
   6.85405964E-03
   7.06198020E-03
   7.05317967E-03
   7.10738730E-03
   7.01878825E-03
   6.79527922E-03
   6.70432998E-03
   6.68703718E-03
   6.63959794E-03
   7.09265191E-03
   7.28704315E-03
   7.51188537E-03
   7.83268921E-03
   7.76473340E-03
   7.85447937E-03
   7.42511451E-03
   7.48195453E-03
   8.22161976E-03
   8.91453680E-03
   8.56528338E-03
   8.27429444E-03
   8.10728036E-03
   8.26712046E-03
   8.77995417E-03
   8.92496109E-03
   8.98409449E-03
   9.02759004E-03
   8.65289196E-03
   8.54971446E-03
   8.09439272E-03
   7.98165705E-03
   7.74528133E-03
   7.75527814E-03
   8.16981122E-03
   8.42060894E-03
   8.56383331E-03
   8.27462785E-03
   7.99341872E-03
   7.82568939E-03
   7.18149403E-03
   6.81482116E-03
   6.52694376E-03
   6.69583119E-03
   6.89437101E-03
   6.97291410E-03
   7.00018136E-03
   7.04158191E-03
   7.16675492E-03
   8.04094225E-03
   7.90538453E-03
   7.85781350E-03
   7.90905766E-03
   7.83545990E-03
   7.82657322E-03
   7.74559984E-03
   7.72761460E-03
   7.71517539E-03
   7.85658695E-03
   7.90391769E-03
   7.92420097E-03
   8.44030827E-03
   8.67910776E-03
   8.94413888E-03
   8.93607829E-03
   9.69046820E-03
   9.16914456E-03
   9.34322458E-03
   9.61893890E-03
   9.70836170E-03
   1.02197872E-02
   1.02311084E-02
   9.37755406E-03
   8.34799372E-03
   7.46552553E-03
   7.26619735E-03
   7.27841072E-03
   7.33574713E-03
   7.79556111E-03
   8.17555934E-03
   8.54939315E-03
   8.94359220E-03
   8.95358529E-03
   8.92620720E-03
   8.86241160E-03
   8.88427161E-03
   8.99523776E-03
   9.11397953E-03
   9.04165395E-03
   8.44671857E-03
   8.05128273E-03
   7.78886024E-03
   7.66479084E-03
   7.61239417E-03
   7.64005259E-03
   7.60060409E-03
   7.80881150E-03
   8.28350149E-03
   8.00561626E-03
   7.97393359E-03
   7.97691289E-03
   7.88746215E-03
   8.16806220E-03
   8.07556883E-03
   8.31892341E-03
   8.47167242E-03
   8.28516111E-03
   8.58802348E-03
   8.77777580E-03
   8.97527486E-03
   8.90983921E-03
   8.87647271E-03
   8.94419104E-03
   8.96510947E-03
   8.92869942E-03
   9.15506110E-03
   9.54877865E-03
   9.95594636E-03
   9.69757978E-03
   9.57072526E-03
   9.26173013E-03
   9.46453866E-03
   9.44319461E-03
   9.45288409E-03
   9.26555134E-03
   9.29330662E-03
   8.93474929E-03
   9.00578499E-03
   8.96916166E-03
   8.99326894E-03
   9.01441369E-03
   9.04313289E-03
   9.05652065E-03
   9.16387886E-03
   9.27651022E-03
   9.30575654E-03
   9.37720854E-03
   9.32678115E-03
   8.95907171E-03
   8.70829169E-03
   8.60460103E-03
   8.50954279E-03
   8.19823798E-03
   8.20287131E-03
   8.22414085E-03
   8.22733808E-03
   8.15766398E-03
   8.15305859E-03
   7.88817648E-03
   7.79658277E-03
   7.37755280E-03
   7.29163177E-03
   7.20088603E-03
   7.16153253E-03
   7.37261632E-03
   7.53375841E-03
   7.67306238E-03
   7.82179181E-03
   8.02276377E-03
   7.66073214E-03
   7.31119467E-03
   7.28859985E-03
   7.04789860E-03
   7.09289312E-03
   7.13377912E-03
   7.18120579E-03
   7.15604005E-03
   7.09202234E-03
   7.35984696E-03
   8.12300853E-03
   8.14501848E-03
   8.17325059E-03
   7.96240102E-03
   7.88386073E-03
   7.37637421E-03
   7.32904859E-03
   7.28176441E-03
   7.19221774E-03
   7.78926769E-03
   7.97539577E-03
   8.09037872E-03
   8.13422631E-03
   8.00019410E-03
   8.15305673E-03
   7.81832077E-03
   7.75439199E-03
   7.68110761E-03
   7.65244756E-03
   7.61221722E-03
   7.67048029E-03
   7.84493424E-03
   7.74563290E-03
   7.91029818E-03
   8.88110790E-03
   8.73452332E-03
   8.62095039E-03
   8.71279743E-03
   8.68186820E-03
   8.48215912E-03
   8.39313027E-03
   8.40351917E-03
   8.40480346E-03
   8.98701977E-03
   9.18440986E-03
   9.38261673E-03
   9.64735262E-03
   9.98483971E-03
   1.00272456E-02
   9.36326664E-03
   9.35446564E-03
   9.05955210E-03
   8.97547696E-03
   9.01103206E-03
   8.91254470E-03
   8.87339097E-03
   9.12932586E-03
   9.58778337E-03
   1.13777192E-02
   1.10366186E-02
   1.10652922E-02
   1.05751017E-02
   1.03887534E-02
   9.79027338E-03
   9.69723705E-03
   9.68922395E-03
   9.58644971E-03
   1.06250867E-02
   1.08054681E-02
   1.12324040E-02
   1.14501826E-02
   1.11869192E-02
   1.08642653E-02
   9.93231777E-03
   9.92634427E-03
   9.91918705E-03
   9.91102774E-03
   9.87938885E-03
   9.75722168E-03
   1.01037258E-02
   1.04615223E-02
   9.42589808E-03
   1.29037965E-02
   1.23645859E-02
   1.19514894E-02
   1.13952905E-02
   1.13400184E-02
   1.06195733E-02
   1.06293038E-02
   1.06133483E-02
   1.06255803E-02
   1.12969568E-02
   1.17179994E-02
   1.22779496E-02
   1.28612760E-02
   1.32707143E-02
   1.33871967E-02
   1.24371881E-02
   1.23591805E-02
   1.22582819E-02
   1.22793308E-02
   1.24954330E-02
   1.26495566E-02
   1.25525100E-02
   1.26363970E-02
   1.26778875E-02
   1.28008872E-02
   1.24449432E-02
   1.20531050E-02
   1.20292995E-02
   1.18601294E-02
   1.09362192E-02
   1.09265102E-02
   1.09342393E-02
   1.10373655E-02
   1.11143831E-02
   1.15668261E-02
   1.18518667E-02
   1.16882091E-02
   1.16546443E-02
   1.13089755E-02
   9.64375865E-03
   8.95874389E-03
   7.77111482E-03
   7.44311092E-03
   7.23776920E-03
   7.11187022E-03
   6.59526093E-03
   6.32732408E-03
   6.33024750E-03
   6.46309555E-03
   6.14971528E-03
   5.95589820E-03
   5.93720749E-03
   5.90148754E-03
   5.51564526E-03
   5.78787178E-03
   5.94250485E-03
   6.01805840E-03
   6.38344465E-03
   6.59771170E-03
   6.58217538E-03
   6.50412869E-03
   6.40806463E-03
   6.38708938E-03
   5.98269189E-03
   5.93344308E-03
   5.73618198E-03
   5.62538346E-03
   5.56980073E-03
   5.55244181E-03
   5.39145526E-03
   5.51289693E-03
   5.73196728E-03
   8.00220016E-03
   6.98755868E-03
   6.85649412E-03
   6.88145449E-03
   6.88671088E-03
   6.38238247E-03
   6.36214111E-03
   6.30886015E-03
   6.36588549E-03
   7.10055092E-03
   7.25097861E-03
   7.40822917E-03
   7.01930700E-03
   6.90432731E-03
   6.86274190E-03
   6.11979747E-03
   6.02462888E-03
   5.86297503E-03
   5.91418706E-03
   5.98984445E-03
