  -17.4481297    
  -16.5356426    
  -17.2316647    
  -17.7822990    
  -20.9272041    
  -26.8271942    
  -14.0420103    
   8.53962231    
   19.3534565    
   26.6723671    
   16.5023518    
   3.95814705    
  -11.8036556    
  -23.6938801    
  -23.7961197    
  -25.1236687    
  -22.9229031    
  -22.7340050    
  -23.6565762    
  -30.5255413    
  -24.9703979    
  -22.7192078    
  -26.7818508    
  -27.3484020    
  -34.5130692    
  -31.6480217    
  -35.7562294    
  -44.6497536    
  -39.4115791    
  -32.6491928    
  -22.3567238    
  -5.28342342    
   11.6172495    
   20.9274349    
   20.7566223    
   1.52914298    
  -21.2696400    
  -35.9701958    
  -38.9926872    
  -44.3276405    
  -51.2581482    
  -54.6232910    
  -43.3449059    
  -53.9898109    
  -49.4125519    
  -42.4952354    
  -42.9181175    
  -35.5469284    
  -43.3640633    
  -38.2710342    
  -36.6297607    
  -41.8647537    
  -35.8858147    
  -32.1065063    
  -33.3986359    
  -4.58577394    
   20.8647938    
   30.6598587    
   22.4825840    
  -1.88881004    
  -20.9507351    
  -27.5285912    
  -26.8735542    
  -22.8782158    
  -23.0805836    
  -23.5724545    
  -22.6609650    
  -20.2439785    
  -17.5426388    
  -15.4364061    
  -20.0489120    
  -26.5563622    
  -22.0953522    
  -26.5664482    
  -25.3564758    
  -23.8095570    
  -25.5913467    
  -25.6177559    
  -15.3842201    
   6.72023439    
   21.1242008    
   25.3432045    
   22.4653206    
   10.3195086    
  -11.6179075    
  -24.3582935    
  -25.3042946    
  -28.2592392    
  -24.1752396    
  -21.6135521    
  -35.8336372    
  -34.4192047    
  -37.6751175    
  -34.6940002    
  -34.5901947    
  -32.7236328    
  -24.2635098    
  -14.7347555    
  -12.7158756    
  -7.88593483    
  -9.10859776    
  -8.52020168    
  -5.15349960    
   8.61842823    
   16.4404526    
   18.1118336    
   11.6798458    
   4.93425751    
  -4.54898596    
  -5.08392286    
  -4.44738579    
  -5.85201836    
  -4.49745941    
  -3.26278901    
  -11.5689449    
  -13.8831501    
  -13.6474504    
  -8.27228069    
  -4.31156778    
  -4.38787699    
  -4.77729607    
  -6.58723164    
  -8.75945187    
  -14.7920151    
  -19.8318958    
  -26.7060337    
   1.13653898    
   10.1729765    
   17.0045776    
   22.7475357    
   26.1245346    
   5.74740648    
  -21.0607834    
  -35.2796822    
  -19.7958279    
  -20.5977821    
  -15.7415762    
  -15.2421780    
  -52.4518242    
  -50.4403648    
  -33.4847412    
  -12.2874975    
  -12.6489468    
  -18.3034592    
  -16.4516010    
  -27.4882946    
  -22.9789295    
  -17.8396702    
  -16.1107235    
  -16.8479347    
  -21.0416985    
   3.74955559    
   17.2546482    
   28.4021988    
   8.99501228    
 -0.282313734    
  -23.9874516    
  -33.0709229    
  -30.0127621    
  -30.3559551    
  -35.1849556    
  -39.6394577    
  -37.7940521    
  -50.0227928    
  -45.7453918    
  -36.8388138    
  -42.1018639    
  -43.5117073    
  -46.1141319    
  -44.6124992    
  -37.1399956    
  -36.1830101    
  -37.2053185    
  -39.4145164    
  -12.0247755    
   6.78786278    
   22.3752117    
   27.6694908    
   24.4660492    
   10.8819923    
  -8.85122871    
  -22.6782837    
  -19.3438873    
  -16.7285233    
  -14.5024347    
  -17.6109581    
  -21.0977821    
  -18.7077541    
  -21.1753712    
  -15.1813278    
  -21.4098778    
  -31.3455372    
  -42.8258705    
  -47.0588493    
  -39.0056610    
  -36.6802406    
  -31.1324406    
  -24.8193932    
  -18.2046413    
   1.20270824    
   18.0045395    
   20.3203354    
   15.7137842    
   7.00892925    
  -7.43636751    
  -19.0989475    
  -17.1343975    
  -17.8605309    
  -16.3909607    
  -17.1386013    
  -12.7332582    
  -12.8594532    
  -12.6590919    
  -14.0475206    
  -14.0065451    
  -12.6172371    
  -13.0959082    
  -12.5552855    
  -12.2988338    
  -12.5685616    
  -12.2125187    
  -11.8760262    
  -7.38227224    
   2.09359574    
   16.0675011    
   29.3166065    
   25.4832172    
   13.5615292    
  -9.39478207    
  -17.5209599    
  -18.3910637    
  -21.7081909    
  -16.0750790    
  -15.7589149    
  -15.4060345    
  -17.5495319    
  -17.4406471    
  -21.8606396    
  -22.7399216    
  -16.9602928    
  -16.1107330    
  -23.3252831    
  -19.0330963    
  -20.4122982    
  -20.9606819    
  -18.3843746    
  -22.2057838    
   7.10646963    
   26.1046543    
   30.2381229    
   24.0579128    
   12.1865959    
  -9.10158539    
  -25.0848408    
  -26.3155937    
  -27.9802055    
  -24.8226509    
  -22.2485847    
  -29.5656605    
  -31.7113857    
  -29.3865089    
  -30.9806404    
  -29.0747910    
  -30.3365650    
  -34.4312439    
  -34.3414345    
  -34.5117416    
  -33.5450974    
  -33.7116394    
  -35.0932999    
  -25.1854153    
   7.80857372    
   26.1363850    
   37.5617332    
   33.3185272    
   16.5503616    
  -6.07867146    
  -19.7294540    
  -23.6153183    
  -21.1256924    
  -24.6340694    
  -24.6111183    
  -20.3588104    
  -14.6679859    
  -17.9338818    
  -20.2313995    
  -19.0152721    
  -18.5911198    
  -17.1126900    
  -28.7027302    
  -30.6247463    
  -45.1564026    
  -51.2982101    
  -49.7594185    
  -31.6304379    
 -0.186179519    
   28.0258141    
   38.2386208    
   34.2461510    
   18.0484161    
   2.82859874    
  -3.99595737    
  -8.09512711    
  -1.02364779    
 -0.415849864    
   2.93400598    
  0.856682658    
  -6.81652117    
  -2.43731260    
  -4.07490349    
   2.65090561    
   6.15273571    
   3.91245389    
   4.07745934    
  -5.71870375    
  -9.11960220    
  -3.78150296    
  -6.80667162    
 -0.393190324    
   19.9017124    
   25.6047497    
   35.4771576    
   26.7876320    
   8.67166328    
  -12.5937729    
  -37.4326973    
  -29.6182384    
  -24.3475742    
  -26.4289284    
  -36.9158936    
  -38.8946495    
  -29.5011349    
  -17.8881989    
  -27.3864479    
  -36.0572739    
  -35.2263107    
  -21.3921127    
  -28.5998783    
  -17.7353592    
  -12.8354359    
  -18.9008293    
  -17.9169884    
  -14.4984846    
   4.78076506    
   19.3212605    
   31.5472755    
   28.3392105    
   14.8429193    
  -20.6385345    
  -35.1558609    
  -34.4518890    
  -34.4177971    
  -32.4316597    
  -29.5833588    
  -23.7485981    
  -24.5445957    
  -22.0574131    
  -23.5410595    
  -25.1757202    
  -20.5203400    
  -22.1514397    
  -26.2077827    
  -25.7106209    
  -25.7328796    
  -18.6166477    
  -22.6432285    
  -13.0436163    
   9.51266479    
   24.7592773    
   38.3406296    
   34.6472626    
   17.1532402    
  -6.31072140    
  -31.2934895    
  -39.3810806    
  -44.3849258    
  -45.2767563    
  -36.0508461    
  -35.7237473    
  -45.9526291    
  -47.1878242    
  -51.6827126    
  -58.5461540    
  -55.0941467    
  -49.2844391    
  -42.8854256    
  -31.8654232    
  -22.0444050    
  -15.6601934    
  -11.2230406    
  -3.93828821    
   9.03288174    
   17.6298676    
   30.5305653    
   31.6920872    
   19.3613739    
   4.63462210    
  -6.12574625    
  -7.29465628    
  -9.18288803    
  -9.44921875    
  -11.3285742    
  -9.54890060    
  -10.5936995    
  -12.7789898    
  -19.7869492    
  -21.8942337    
  -8.23552990    
  -16.8801899    
  -11.5610037    
  -10.6851025    
  -13.6939964    
  -15.7227192    
  -18.7169247    
  -6.27280569    
   6.45950508    
   17.2025108    
   33.2385178    
   31.7297649    
   19.3993492    
 -0.897952199    
  -19.9225521    
  -21.2216663    
  -21.2674675    
  -23.1867294    
  -27.2088928    
  -47.6862297    
  -52.4466286    
  -58.6744118    
  -64.0143814    
  -67.9294434    
  -67.7159500    
  -65.9563980    
  -66.0053635    
  -67.4165878    
  -61.0377808    
  -65.4638596    
  -63.9911461    
  -37.9265327    
   11.7034483    
   40.7586861    
   54.4700127    
   44.4196815    
   25.8144360    
  -9.69071579    
  -49.8495178    
  -52.3283806    
  -35.8438873    
  -20.6225376    
  -25.1956520    
  -11.6818037    
  -8.30581284    
  -13.5430651    
  -10.1841316    
  -9.89035225    
  -9.85446739    
  -9.27610207    
  -7.82768869    
  -7.21854496    
  -7.32253647    
  -5.10867834    
  -5.51804352    
   2.16754746    
   13.3405533    
   24.6704788    
   27.5137711    
   25.4123707    
   19.7970829    
   3.48257709    
  -6.50275278    
  -9.88772106    
  -10.2672081    
  -11.5330839    
  -9.75357628    
  -13.5329409    
  -13.8056841    
  -12.4148006    
  -10.2437754    
  -10.0200138    
  -12.1135330    
  -11.3594427    
  -10.8267097    
  -9.94247627    
  -8.98865128    
  -10.7851686    
  -10.7521257    
 -0.965373039    
   15.9428263    
   24.6654873    
   23.9395733    
   21.4178352    
   14.9531040    
   2.55580664    
  -7.65855980    
  -13.9449549    
  -14.7687025    
  -13.9742413    
  -16.5503979    
  -55.6660194    
  -39.8347168    
  -36.0713921    
  -37.8035469    
  -24.0379333    
  -13.6960592    
  -22.3780079    
  -16.5954266    
  -17.9781284    
  -17.7714672    
  -25.8290806    
  -16.0242310    
  -5.11198235    
   13.9567499    
   32.4860458    
   38.7787819    
   32.6182327    
   23.2688942    
   5.49120951    
  -14.4732332    
  -17.8730755    
  -21.3447628    
  -18.7485981    
  -23.3281670    
  -32.9830589    
  -33.1948166    
  -40.4157600    
  -43.1457634    
  -35.8538246    
  -33.3885231    
  -30.3384781    
  -31.6637936    
  -21.9959679    
  -11.3545980    
  -10.0142050    
  -14.0515375    
  -17.4841633    
   12.8120651    
   36.8143425    
   43.2044678    
   40.7312050    
   29.0719490    
   3.26849985    
  -24.4849930    
  -23.7336102    
  -26.0564651    
  -27.1966305    
  -20.2411919    
  -20.8016052    
  -24.0363979    
  -30.9346733    
  -30.4579334    
  -33.3256607    
  -34.5300217    
  -32.4261703    
  -27.7539959    
  -41.5704613    
  -32.9616127    
  -43.0910301    
  -52.3953972    
  -25.6246967    
   15.6683817    
   49.5755768    
   56.6255150    
   54.5403748    
   33.5432854    
  -2.08343101    
  -33.9415054    
  -45.9337082    
  -45.8457108    
  -40.2795868    
  -35.6134148    
  -42.6120529    
  -34.3879509    
  -38.7681427    
  -32.6832314    
  -29.1211319    
  -28.1229877    
  -29.1710396    
  -29.1787682    
  -26.9362831    
  -29.6334343    
  -33.4337654    
  -28.9462357    
  -6.83294964    
   16.8532658    
   38.9752045    
   54.2188339    
   44.8938408    
   30.4429874    
   7.96645832    
  -19.0801277    
  -23.7520485    
  -21.4339466    
  -19.4097309    
  -20.4187889    
  -20.2928486    
  -17.3703003    
  -15.4333401    
  -17.9381237    
  -15.5283556    
  -12.7459965    
  -15.4390182    
  -17.7074280    
  -18.1867809    
  -18.2856903    
  -14.4006014    
  -13.0128498    
  -3.83234262    
   15.5038605    
   35.0743942    
   45.8995819    
   33.9537888    
   21.1051540    
   6.42289305    
  -9.97086716    
  -14.0984583    
  -18.2550240    
  -21.5880032    
  -32.3565102    
  -32.1067924    
  -25.3976421    
  -16.2997398    
  -19.7531242    
  -31.9986343    
  -36.8670349    
  -36.7078323    
  -24.9253807    
  -28.9120541    
  -29.5991840    
  -35.6503448    
  -37.4571114    
  -6.60212946    
   19.2302914    
   31.9678192    
   46.2396011    
   45.8390312    
   33.2185783    
  -4.05502796    
  -29.4837189    
  -34.8696480    
  -33.6253738    
  -33.0184937    
  -33.1106720    
  -42.6182175    
  -40.4279175    
  -38.2203293    
  -28.4235458    
  -23.3669662    
  -21.2405014    
  -19.3181572    
  -15.2854824    
  -12.5943680    
  -14.3062696    
  -13.8487005    
  -16.8442554    
   5.96154118    
   18.3829479    
   37.5605621    
   43.5378761    
   42.9366608    
   33.0561256    
   17.1257210    
  -3.11450768    
  -10.4407301    
  -10.3890705    
  -10.1670742    
  -10.0046473    
  -16.7816658    
  -16.3704662    
  -13.0689335    
  -9.61197567    
  -8.22952461    
  -13.0713911    
  -14.6356058    
  -21.4568901    
  -17.9369431    
  -15.5354357    
  -13.8317938    
  -19.1641102    
  -1.76202881    
   21.2343922    
   32.6079636    
   58.7311859    
   56.7804909    
   42.1107635    
   15.1380301    
  -3.59649658    
  -15.0079212    
  -14.4788675    
  -15.7325277    
  -14.9358215    
  -16.9162407    
  -20.2072773    
  -16.8611794    
  -15.5258341    
  -21.8693409    
  -26.6099892    
  -28.0470867    
  -24.3509808    
  -21.5070667    
  -26.2330303    
  -23.5031013    
  -20.6007786    
   4.75965071    
   20.5219135    
   41.1114807    
   52.5538940    
   46.0646057    
   33.0440636    
   10.7552929    
  -10.6640301    
  -15.9345789    
  -15.3361559    
  -15.2692280    
  -14.8245735    
  -13.1040344    
  -14.1427183    
  -14.0934715    
  -14.5038042    
  -13.8325176    
  -14.5743818    
  -14.0245323    
  -12.1184626    
  -10.4891806    
  -11.6971769    
  -11.3491707    
  -11.2194996    
 -0.722418427    
   15.1939917    
   29.1115150    
   40.0782661    
   36.5720825    
   24.5410843    
   6.71222019    
  -17.9778328    
  -24.6843681    
  -17.4914742    
  -15.8622093    
  -13.4927197    
  -12.9537573    
  -14.7504454    
  -21.1688080    
  -19.2847919    
  -21.8308544    
  -15.8793640    
  -24.0830040    
  -20.5277271    
  -20.1170197    
  -18.5749474    
  -23.3883247    
  -25.2113323    
  -1.81422901    
   31.0790825    
   60.7409782    
   70.6637344    
   56.0197601    
   40.7502937    
   17.5787964    
  -18.4129601    
  -20.0902538    
  -22.6029854    
  -23.9479294    
  -20.6115646    
  -22.4093323    
  -20.9143200    
  -20.6495781    
  -18.6101799    
  -23.1655502    
  -17.3754063    
  -18.3767452    
  -17.7178135    
  -21.5378246    
  -23.7274685    
  -21.6249580    
  -16.1651020    
  -3.67861247    
   22.5945263    
   42.9308586    
   64.5837250    
   68.0712051    
   48.4916229    
   14.0263996    
  -14.4535503    
  -27.0094128    
  -23.5176830    
  -30.8755932    
  -34.3979301    
  -54.0468216    
  -40.5332031    
  -39.1571922    
  -33.1431427    
  -36.3759003    
  -30.0594482    
  -27.8490791    
  -32.7512627    
  -29.5475216    
  -31.9492760    
  -36.7354660    
  -36.7749367    
  -2.67032743    
   29.3445358    
   60.3905640    
   81.2265549    
   77.3558121    
   47.8685036    
   17.0185852    
  -16.5415516    
  -25.9378567    
  -26.2773132    
  -27.6900311    
  -26.5330601    
  -27.6193752    
  -25.0136433    
  -22.5150528    
  -22.3799019    
  -20.5830555    
  -21.8003750    
  -20.4493847    
  -18.9222050    
  -23.3305111    
  -26.0644932    
  -24.4592304    
  -20.1436825    
   2.84638524    
   26.3484230    
   52.0901604    
   61.4316597    
   67.7135544    
   43.8735390    
   10.5067072    
  -38.5805092    
  -55.9746628    
  -57.6726761    
  -65.1615829    
  -62.3950768    
  -60.9688377    
  -55.1750603    
  -49.5887527    
  -46.0206337    
  -37.2258873    
  -31.4259109    
  -25.8171043    
  -27.3652000    
  -20.4055901    
  -30.0915337    
  -26.2580032    
  -26.9690704    
   6.35637569    
   27.2999096    
   56.6280556    
   67.0286942    
   70.3530426    
   46.5444298    
   12.2522373    
  -38.5030556    
  -60.2882385    
  -48.5646057    
  -43.2960510    
  -41.8111076    
  -52.8036194    
  -55.8649445    
  -58.1260643    
  -51.9545517    
  -44.3555832    
  -32.8211632    
  -20.4036865    
  -15.5723715    
  -13.9021063    
  -9.96877956    
  -9.74242687    
  -8.55868626    
   11.2989178    
   38.2735596    
   51.9873772    
   62.8957558    
   63.5054588    
   53.4892807    
   29.7301846    
  -1.12090600    
  -16.8235817    
  -15.8847666    
  -19.2460251    
  -13.6572056    
  -31.5968189    
  -30.9173832    
  -26.6815720    
  -23.7213688    
  -29.8645172    
  -23.7660809    
  -27.6689873    
  -19.8729286    
  -16.3960743    
  -21.0718269    
  -13.7892714    
  -8.28577805    
   12.7384033    
   23.9040337    
   37.8422852    
   43.5020714    
   42.7139206    
   45.3747330    
   26.5499535    
  -9.84931755    
  -17.6959362    
  -17.6958237    
  -13.7706575    
  -10.3204994    
  -9.87234402    
  -9.08671188    
  -10.4785013    
  -8.76500702    
  -9.40686226    
  -11.3114700    
  -8.60331059    
  -8.83297539    
  -12.2024269    
  -14.5152168    
  -17.1124763    
  -9.03949356    
   7.27115154    
   30.6164017    
   54.9994278    
   74.2937469    
   71.3922501    
   55.6758652    
   17.3387508    
  -12.7632790    
  -38.7299995    
  -44.4140358    
  -32.2282906    
  -38.2820930    
  -35.4935532    
  -20.4615726    
  -17.0160980    
  -12.5357294    
  -14.3583345    
  -18.4943295    
  -15.8526039    
  -16.1567593    
  -16.5332489    
  -22.6245613    
  -22.0840931    
  -20.2674599    
   6.58234549    
   48.6677933    
   62.6352158    
   83.0121918    
   84.3507156    
   66.5391312    
   20.4900703    
  -16.5547829    
  -33.3198547    
  -22.8647118    
  -21.0643616    
  -13.9776707    
  -19.2462273    
  -24.3094959    
  -32.8585243    
  -23.5076904    
  -19.3741875    
  -19.8440838    
  -25.5943813    
  -22.8608627    
  -27.3299332    
  -24.3471622    
  -23.2042122    
  -20.6808758    
   18.7928448    
   38.6150169    
   53.5172844    
   59.3188286    
   75.1542130    
   60.5346603    
   26.0104828    
  -15.9964333    
  -44.0724258    
  -34.0143356    
  -40.1878662    
  -41.4404602    
  -65.1855316    
  -59.3453522    
  -42.6017990    
  -28.1774807    
  -18.6125793    
  -11.3018465    
  -15.2812519    
  -14.4093437    
  -14.4312286    
  -15.7660217    
  -20.9631195    
  -16.9897633    
   4.83492422    
   39.1430359    
   57.8701973    
   85.0668030    
   75.5927124    
   64.1013718    
   17.8817749    
  -15.8453789    
  -55.3093948    
  -53.7201309    
  -30.5729065    
  -25.6868782    
  -66.4162979    
  -66.6027451    
  -62.1898079    
  -64.0404968    
  -65.1502228    
  -54.5945435    
  -42.4674835    
  -23.9489307    
  -17.9627895    
  -19.6887970    
  -22.6024418    
  -17.1948566    
  -1.70382833    
   51.9399452    
   89.5102539    
   105.089760    
   101.760826    
   75.5652084    
   33.3519478    
  -14.1802826    
  -43.1218834    
  -51.3870125    
  -69.0668106    
  -72.6448288    
  -66.6141663    
  -57.0432510    
  -42.3027115    
  -24.8346672    
  -21.7553444    
  -13.0677080    
  -13.7420654    
  -14.7341204    
  -15.9075918    
  -17.5708256    
  -18.9467106    
  -13.2122564    
   22.5742607    
   46.3431702    
   79.4636078    
   92.1582489    
   97.4102936    
   72.6056519    
   35.3201294    
  0.427422255    
  -20.9440880    
  -34.8871422    
  -33.5539055    
  -31.9727669    
  -47.3191109    
  -38.7024879    
  -39.0506744    
  -41.6326675    
  -38.3936462    
  -44.3601494    
  -43.6566277    
  -42.0160522    
  -39.9321480    
  -35.1373444    
  -33.7981911    
  -31.3907852    
   12.2699690    
   56.6333618    
   94.2344894    
   110.019318    
   113.111137    
   94.1433868    
   43.8080444    
  -13.8247690    
  -54.5689201    
  -60.0467339    
  -62.2280731    
  -63.6123848    
  -52.4233894    
  -48.0234909    
  -46.2162971    
  -50.5871048    
  -55.7137527    
  -52.4067726    
  -55.6177521    
  -59.7245483    
  -61.4163666    
  -60.8961182    
  -58.6171532    
  -39.1634369    
   16.4708920    
   72.2301102    
   112.241219    
   127.785927    
   124.713760    
   94.2282181    
   45.7369957    
  -14.9641485    
  -62.8278961    
  -70.7662354    
  -70.8253860    
  -70.1461258    
  -67.8756332    
  -67.2713318    
  -67.3803024    
  -67.9706345    
  -68.4625320    
  -68.0103226    
  -66.9387054    
  -64.9554825    
  -63.5479622    
  -62.2554626    
  -61.9387245    
  -38.1706543    
   22.6930809    
   81.0331116    
   121.614853    
   140.671478    
   132.360611    
   98.4621887    
   49.2043839    
   2.51723194    
  -30.2745800    
  -30.9341679    
  -38.6758156    
  -33.5554543    
  -30.5396767    
  -21.4270306    
  -14.9419966    
  -12.8749275    
  -15.4576883    
  -13.5845165    
  -9.83391380    
  -10.0037870    
  -10.1399202    
  -11.5228624    
  -14.1417942    
  -2.24649882    
   27.3610554    
   55.6274643    
   66.7820511    
   61.9801331    
   63.2367477    
   63.6650391    
   34.3382645    
   14.3776827    
  -3.03818202    
  -4.83387566    
  -3.97419047    
  -3.56028628    
  -6.39477539    
  -5.31647873    
  -5.04855537    
  -3.47632670    
  -2.85073853    
  -2.13207912    
  -1.21811914    
  -1.53855634    
  -1.99726224    
  -1.68960845    
  -1.39139140    
   5.95995426    
   13.1192465    
   34.3692970    
   66.1672134    
   63.2091179    
   93.7079620    
   74.6701584    
   52.1615868    
   1.67640984    
  -41.4148598    
  -63.8587036    
  -63.1692123    
  -60.6555901    
  -64.4078217    
  -64.0700226    
  -63.6666412    
  -63.3146362    
  -60.4150391    
  -48.2348633    
  -26.2466526    
  -17.2716293    
  -14.9298239    
  -15.5150757    
  -21.4761047    
  -9.50659275    
   20.0935287    
   47.0883179    
   79.5593948    
   78.2818375    
   52.9792290    
   31.2081375    
   15.7053967    
   6.60176229    
  -7.09177065    
  -28.7537861    
  -49.5833282    
  -54.8948250    
  -48.9595261    
  -53.3623810    
  -51.8135338    
  -55.4135094    
  -48.6523285    
  -32.2226219    
  -22.7706509    
  -20.8806934    
  -26.9881859    
  -25.9343147    
  -23.7975845    
  -4.19643593    
   23.8737698    
   51.5827980    
   81.0896454    
   101.738586    
   103.544884    
   81.2133255    
   49.1230202    
   3.59871197    
  -38.9654884    
  -47.5035248    
  -44.4471245    
  -34.1736336    
  -23.9452457    
  -37.4963684    
  -35.7030411    
  -31.2886276    
  -39.2086411    
  -41.0301056    
  -42.6798286    
  -43.9236259    
  -41.6652908    
  -38.5170631    
  -42.3964386    
  -19.0793552    
   31.2969875    
   76.4842148    
   100.702301    
   120.469231    
   91.0665970    
   78.2544556    
   42.1656570    
   11.0284882    
  -17.4341774    
  -21.8343544    
  -18.7603645    
  -14.9008980    
  -12.3807058    
  -8.36438560    
  -7.42947626    
  -7.57129240    
  -6.10788393    
  -6.25677824    
  -6.84428263    
  -6.43653107    
  -6.79970789    
  -3.76480985    
  -2.82529116    
   3.69989467    
   10.4670982    
   52.3555450    
   112.730202    
   123.898331    
   121.829948    
   105.085861    
   59.1767464    
   14.7143059    
  -29.9633064    
  -30.5249596    
  -24.2281227    
  -31.3238544    
  -38.2252388    
  -30.9828472    
  -22.4383984    
  -17.2639675    
  -12.4107056    
  -17.6295319    
  -27.3293591    
  -22.5642815    
  -18.0384007    
  -24.4274940    
  -30.5385036    
  -3.39977551    
   26.8671894    
   55.5261116    
   77.6576691    
   90.0173264    
   97.0807037    
   86.3653336    
   47.6124573    
   14.4440718    
  -16.7619286    
  -29.4786282    
  -29.3081074    
  -32.5449753    
  -47.0575447    
  -55.2279854    
  -53.6918106    
  -45.3202248    
  -40.0477371    
  -35.5257797    
  -31.7509823    
  -28.7079792    
  -25.9312515    
  -27.1653347    
  -31.3835621    
  -10.4065475    
   35.8462868    
   81.0930328    
   103.013069    
   137.049225    
   100.013016    
   79.2385788    
   56.7106934    
   17.3905354    
  -25.8944130    
  -38.9502068    
  -39.9832535    
  -45.0835419    
  -68.4655762    
  -69.1074142    
  -66.4004669    
  -64.6632233    
  -62.9528313    
  -63.4397202    
  -61.1977425    
  -60.2257500    
  -47.5033913    
  -34.3295212    
  -24.7326889    
   4.30595827    
   48.8245354    
   103.717758    
   149.704727    
   148.396576    
   141.245880    
   115.986183    
   85.4511871    
   20.7194099    
  -41.0759010    
  -63.2373123    
  -62.8973389    
  -63.5892906    
  -59.1708946    
  -52.2694931    
  -56.4563332    
  -59.1937790    
  -50.8798637    
  -40.1589546    
  -27.5243950    
  -24.0185223    
  -32.1914520    
  -33.8890839    
  -39.1555176    
  -13.2607212    
   53.7237663    
   114.180099    
   168.188889    
   188.216553    
   180.912384    
   145.298264    
   84.0661392    
   26.8850117    
  -11.1278505    
  -24.6421909    
  -33.3788300    
  -43.1930809    
  -44.6346779    
  -45.0380478    
  -30.2837658    
  -40.0301781    
  -42.1475105    
  -32.4229355    
  -27.5830860    
  -37.4406166    
  -31.7016563    
  -19.9651051    
  -18.9991894    
  -2.02365160    
   48.1177521    
   98.6429977    
   175.724670    
   197.314133    
   183.406052    
   147.083084    
   86.4559860    
   34.2877998    
  -17.7024212    
  -31.4659042    
  -31.3966389    
  -27.5924435    
  -53.0291824    
  -56.9818573    
  -55.7671585    
  -48.5903053    
  -52.1665764    
  -49.4527473    
  -46.9125175    
  -50.4128647    
  -51.3693199    
  -41.1714439    
  -36.2441711    
   4.96461248    
   87.7727127    
   156.976013    
   208.042038    
   226.737228    
   212.304138    
   172.492172    
   111.323250    
   38.3334503    
  -37.8872375    
  -63.7700462    
  -69.8149033    
  -69.6340637    
  -71.6364136    
  -74.1833496    
  -71.4527740    
  -74.5119476    
  -71.3585129    
  -72.4473495    
  -71.6910400    
  -70.3019638    
  -67.7561340    
  -65.7992554    
  -58.7323189    
   2.04352140    
   88.2412262    
   163.880814    
   216.752808    
   238.772705    
   229.547852    
   189.733276    
   123.372787    
   41.0813484    
  -39.6464653    
  -70.7625656    
  -70.1777954    
  -68.7499084    
  -67.0797577    
  -65.7135086    
  -64.8881760    
  -63.7094383    
  -63.4574127    
  -63.2384109    
  -62.9579048    
  -62.2757225    
  -61.7871246    
  -61.3047714    
  -53.3540230    
   9.00179386    
   94.8481293    
   169.449509    
   221.229309    
   242.943481    
   231.556473    
   187.713745    
   116.134064    
   38.4299469    
  -37.0331573    
  -65.3575592    
  -62.9514809    
  -60.0679092    
  -63.4301338    
  -62.3871536    
  -60.8358307    
  -61.9755287    
  -59.9105949    
  -57.3234138    
  -59.3454628    
  -61.5793800    
  -60.8153954    
  -57.2757835    
  -49.8451271    
   9.38177967    
   86.1185684    
   165.780258    
   220.795776    
   240.222855    
   230.289536    
   181.981155    
   117.183838    
   42.0959778    
  -34.7736244    
  -72.4105911    
  -70.4857635    
  -68.6132965    
  -69.5708694    
  -67.3126450    
  -66.7330475    
  -67.7792969    
  -65.6847000    
  -65.0233841    
  -65.6113510    
  -67.4714508    
  -63.3615532    
  -64.1437683    
  -50.1209488    
   14.5366297    
   83.9862442    
   133.091339    
   184.458191    
   187.940979    
   194.095718    
   164.105011    
   100.451340    
   44.5842056    
 -0.722316682    
  -16.8955269    
  -21.8810730    
  -21.3789291    
  -23.1622448    
  -20.5628319    
  -22.8515453    
  -22.9478035    
  -29.5654278    
  -26.5836067    
  -27.9427986    
  -25.6138992    
  -21.5407352    
  -21.9015198    
  -16.9989071    
   11.3809566    
   66.7090149    
   110.599747    
   157.790298    
   177.079636    
   165.438705    
   145.509537    
   98.8219910    
   52.6649055    
  -23.9233456    
  -57.3435898    
  -67.5816498    
  -72.0996475    
  -75.4184494    
  -73.7811661    
  -68.5816727    
  -62.1485023    
  -54.5754433    
  -44.8193321    
  -39.2648811    
  -39.6623459    
  -37.9800339    
  -37.5808296    
  -21.1170540    
   7.01068163    
   82.6659164    
   152.870728    
   216.189209    
   240.219757    
   206.237625    
   176.622681    
   114.418640    
   50.0062141    
  -19.9015560    
  -52.2953110    
  -53.4354897    
  -48.2290764    
  -44.6641197    
  -27.4481049    
  -20.7333088    
  -20.7740459    
  -32.1024857    
  -45.3455391    
  -43.8046074    
  -36.6111565    
  -38.4310532    
  -34.1704445    
  -23.1619759    
   17.9835835    
   81.5593185    
   100.698860    
   175.733932    
   163.300354    
   132.422165    
   110.271980    
   78.1146393    
   48.2258034    
  -10.8494081    
  -51.5782661    
  -46.1362991    
  -34.2524948    
  -44.8110428    
  -46.6333008    
  -41.3291321    
  -38.3871613    
  -39.9920158    
  -34.7735023    
  -35.8385391    
  -36.5400047    
  -28.4050808    
  -28.5526447    
  -15.9715567    
   12.5556507    
   51.9109230    
   73.7515411    
   89.0925827    
   100.679314    
   124.358368    
   95.3076019    
   73.2806168    
   29.4581623    
  -3.19530773    
  -22.3537388    
  -29.9346962    
  -30.5899887    
  -29.3207455    
  -27.8899269    
  -23.4987812    
  -28.5137463    
  -24.6321449    
  -27.7032356    
  -26.5251884    
  -35.2448006    
  -31.7676888    
  -32.6733437    
  -28.4284344    
   7.94711113    
   70.0343628    
   128.206985    
   177.359238    
   204.690063    
   198.388153    
   163.425278    
   109.564468    
   39.8817673    
  -30.9873734    
  -72.0345612    
  -75.9866714    
  -75.9315491    
  -75.6330948    
  -74.7306595    
  -74.1713181    
  -73.4517822    
  -73.1857376    
  -73.1890640    
  -73.3614578    
  -73.3759613    
  -73.4470139    
  -73.1739502    
  -53.3324585    
   12.5568609    
   88.3999481    
   150.868652    
   194.811935    
   213.302307    
   206.343140    
   174.060440    
   119.499741    
   50.2340508    
  -20.8602390    
  -62.9754715    
  -66.1465378    
  -65.5841370    
  -65.6441116    
  -63.3444633    
  -62.1256065    
  -61.5365372    
  -60.1361198    
  -63.2408371    
  -63.7144318    
  -63.9764977    
  -63.7858200    
  -60.5975151    
  -39.8246574    
   24.9796906    
   95.9796677    
   155.546204    
   198.674545    
   220.460709    
   212.865646    
   180.508759    
   126.415604    
   56.9964638    
  -16.4670544    
  -62.1094284    
  -64.8553238    
  -62.2868958    
  -61.3668480    
  -58.2229576    
  -52.0698586    
  -53.2300911    
  -51.1600952    
  -38.0117073    
  -30.8413868    
  -27.0495548    
  -18.5244122    
  -11.1730089    
 -0.658271194    
   25.3429260    
   77.1806564    
   116.502640    
   169.130234    
   151.627686    
   118.409561    
   96.8038406    
   59.6844597    
   31.1111965    
   2.02840281    
  -20.4523430    
  -24.6573620    
  -30.7266159    
  -34.1833916    
  -29.1828995    
  -42.9357605    
  -46.4150848    
  -41.4962616    
  -34.6671104    
  -25.3101845    
  -22.5400028    
  -19.4991074    
  -18.4296932    
  -13.2643375    
   24.2171650    
   84.3392792    
   148.272827    
   202.070435    
   201.274094    
   184.653336    
   159.019623    
   117.507950    
   59.5272675    
   12.9578209    
  -22.2036228    
  -20.6645412    
  -12.4168005    
  -16.3612556    
  -14.7005739    
  -15.4399433    
  -16.4177513    
  -15.3692589    
  -16.2910194    
  -16.4318943    
  -13.7388754    
  -11.0349064    
  -9.66425419    
  -2.08331585    
   23.2955837    
   50.1088219    
   107.667709    
   144.292755    
   159.103775    
   132.934998    
   125.632225    
   100.615150    
   52.4618607    
  -3.50669551    
  -36.8855476    
  -40.9959145    
  -38.8691483    
  -61.0374184    
  -55.0015717    
  -52.7577362    
  -59.3506584    
  -71.3989716    
  -78.1951675    
  -79.6137085    
  -79.3909988    
  -78.8862228    
  -78.1273193    
  -45.0317459    
   30.0991802    
   111.820808    
   179.226456    
   225.399048    
   247.019562    
   232.163544    
   197.944794    
   139.542984    
   66.9427643    
  -5.95686293    
  -52.6091576    
  -61.3981133    
  -64.5690994    
  -76.7738647    
  -77.0609512    
  -76.7100143    
  -76.0215378    
  -71.8426514    
  -66.3534393    
  -65.1666412    
  -64.6372681    
  -64.7313995    
  -57.7033844    
  -24.9780064    
   47.9949989    
   118.911491    
   175.960785    
   226.644485    
   255.879364    
   221.636765    
   175.576645    
   116.167923    
   50.4465561    
   2.71993303    
  -29.9643402    
  -36.8061218    
  -47.3884239    
  -79.5426407    
  -81.3100433    
  -80.8297195    
  -80.0120697    
  -79.5258408    
  -79.1262589    
  -78.7207031    
  -77.9893265    
  -77.5003433    
  -76.0845108    
  -34.2929840    
   51.3553314    
   140.341568    
   210.363327    
   266.127197    
   287.436218    
   277.835114    
   239.823212    
   175.318695    
   89.6562424    
  -3.42869806    
  -71.8861389    
  -81.2628326    
  -80.1712570    
  -78.4301376    
  -77.1116104    
  -76.6398392    
  -74.4707794    
  -73.0504303    
  -71.6728439    
  -70.7108765    
  -69.6815643    
  -68.5731354    
  -65.7813263    
  -19.6319237    
   70.1906204    
   163.677689    
   238.851929    
   290.034149    
   310.357025    
   300.947662    
   261.787811    
   193.836578    
   104.840057    
   9.33191490    
  -60.2971992    
  -70.8907242    
  -70.1812286    
  -70.9029694    
  -69.3740921    
  -68.6142349    
  -67.1252365    
  -66.5619659    
  -66.1660690    
  -65.8473816    
  -65.1898499    
  -64.6827087    
  -62.4874306    
  -15.2690458    
   74.5510483    
   169.702316    
   245.526230    
   296.993225    
   318.147278    
   306.040863    
   262.420837    
   191.458542    
   101.908920    
   5.91540718    
  -66.1662827    
  -78.7439651    
  -78.4544296    
  -77.5204544    
  -76.1277084    
  -74.9850998    
  -73.3720551    
  -72.1362991    
  -70.7137451    
  -69.1626892    
  -67.3410950    
  -65.7476959    
  -61.7223358    
  -12.6128206    
   77.3054581    
   171.798172    
   246.789597    
   297.333405    
   317.334229    
   303.335724    
   260.196259    
   190.149338    
   103.658539    
   11.6006670    
  -57.4575119    
  -71.2437897    
  -71.0363312    
  -70.7622833    
  -69.4982071    
  -68.6859436    
  -67.7984314    
  -67.6303635    
  -67.5210648    
  -67.7455978    
  -67.7025757    
  -68.1646652    
  -65.6910172    
  -14.9832811    
   77.9192581    
   172.594879    
   247.226135    
   299.013885    
   317.495148    
   304.567169    
   260.761566    
   190.320435    
   101.420250    
   6.74245024    
  -65.1754761    
  -79.9943771    
  -79.5183411    
  -78.0830688    
  -76.1388016    
  -75.0489426    
  -73.1939621    
  -72.3021927    
  -71.9530411    
  -71.9567032    
  -71.9555435    
  -72.2034988    
  -68.1988754    
  -13.0199852    
   80.7684021    
   176.422516    
   251.604767    
   301.113190    
   318.586823    
   305.645630    
   261.763855    
   190.853653    
   101.888885    
   4.79032755    
  -70.9202576    
  -87.7323990    
  -87.5351486    
  -84.4863663    
  -82.3758163    
  -81.6395950    
  -80.7031021    
  -80.4768600    
  -80.2634048    
  -80.1829224    
  -79.6078949    
  -79.4709625    
  -74.0926285    
  -14.8090086    
   79.9348831    
   177.359818    
   253.926086    
   304.733215    
   323.600281    
   309.983521    
   264.681305    
   192.705704    
   102.622231    
   7.19968033    
  -68.7969131    
  -86.1669159    
  -85.4642639    
  -83.4188995    
  -81.5126343    
  -80.4911270    
  -79.7509766    
  -78.9997787    
  -78.1866531    
  -77.0933990    
  -75.1159897    
  -74.1289520    
  -66.9477463    
  -7.05848980    
   87.3559647    
   184.039825    
   259.841675    
   309.954895    
   328.754333    
   314.826843    
   269.441986    
   197.695847    
   107.504837    
   11.3953419    
  -66.1762466    
  -85.1141357    
  -84.4971237    
  -82.8033676    
  -80.9811096    
  -79.5449219    
  -77.7514038    
  -76.8249664    
  -76.0172958    
  -74.8673401    
  -73.8330460    
  -71.6700439    
  -61.1872711    
  0.875560164    
   81.0253906    
   165.916565    
   246.420532    
   290.263977    
   298.114105    
   305.927307    
   265.195740    
   181.387360    
   86.4389572    
   11.5049610    
  -29.4812107    
  -43.2091751    
  -51.8873520    
  -51.8128242    
  -58.7105713    
  -65.2531281    
  -70.6550064    
  -71.5108566    
  -70.7999115    
  -69.3308563    
  -62.0768700    
  -42.7429237    
  -28.9154434    
  -4.61218882    
   37.5852737    
   61.2990990    
   143.699097    
   140.790665    
   125.159012    
   124.803352    
   219.203568    
   200.261459    
   128.807663    
   29.7801037    
  -49.8968620    
  -75.6653061    
  -72.3309937    
  -76.6141510    
  -74.8414230    
  -72.8647232    
  -63.5571594    
  -48.0526810    
  -28.7961655    
  -28.7122822    
  -32.9677849    
  -32.7344666    
  -24.9814262    
   12.5240078    
   74.4685135    
   132.806931    
   185.591064    
   224.075592    
   221.297775    
   189.072586    
   137.233032    
   116.202675    
   63.5279312    
   16.9047623    
  -38.9362831    
  -67.3722992    
  -72.1187286    
  -73.3621292    
  -72.4056473    
  -66.4282761    
  -70.2977142    
  -75.5196152    
  -73.6344223    
  -73.0597839    
  -72.3404617    
  -69.4989319    
  -51.2064171    
  -1.95598844E-02
   56.3862343    
   89.0645676    
   111.056702    
   91.3914032    
   71.2459869    
   66.7401199    
   62.1382370    
   40.9804535    
   35.2577438    
   14.2896929    
  -8.05303383    
  -9.01077843    
  -6.57900047    
  -8.78653908    
  -30.4752045    
  -38.3332558    
  -41.5290527    
  -53.9189186    
  -57.6755219    
  -37.9541779    
  -22.5182343    
  -24.3893242    
  -26.2696629    
   12.8050060    
   59.7205086    
   134.454926    
   210.550690    
   227.277008    
   250.051331    
   182.838150    
   145.079941    
   123.439247    
   79.7362061    
   14.7316895    
  -16.0119457    
  -29.2952957    
  -44.6482430    
  -30.9831963    
  -30.0972710    
  -42.2744751    
  -54.3324356    
  -54.2042503    
  -59.9994583    
  -60.7542229    
  -63.3546677    
  -64.4439163    
  -54.8183594    
   4.34261847    
   81.7715302    
   154.101913    
   207.126801    
   223.177383    
   229.803101    
   202.880432    
   180.470886    
   131.175369    
   84.3878021    
   22.6359634    
  -42.7333984    
  -67.8800278    
  -61.4723320    
  -51.4417191    
  -62.0945969    
  -61.9121819    
  -57.6172180    
  -57.0931396    
  -60.1212502    
  -61.1784706    
  -59.4649963    
  -57.2385597    
  -39.8373222    
   7.60454321    
   82.3224564    
   121.817741    
   125.694786    
   122.153748    
   147.994507    
   133.643066    
   118.324738    
   77.7553253    
   44.1418190    
   20.1694889    
  -9.76612282    
  -14.6203508    
  -15.3598099    
  -18.3480434    
  -20.0920639    
  -19.8377056    
  -18.7772655    
  -16.5446854    
  -12.2833862    
  -12.2602739    
  -12.1215439    
  -13.8932858    
  -10.0097961    
   16.4538994    
   54.0214920    
   101.154938    
   129.991409    
   164.337082    
   183.719910    
   195.155457    
   176.600555    
   118.387115    
   58.8203430    
   22.9730396    
  -11.0899963    
  -23.7709007    
  -28.0605392    
  -30.3257122    
  -28.7479668    
  -27.0022030    
  -25.3653374    
  -33.7488060    
  -37.3758469    
  -33.9831123    
  -18.2813053    
  -16.1537571    
  -9.27025223    
   7.78702068    
   47.5231628    
   82.8367233    
   90.4690857    
   89.9993515    
   73.8644714    
   44.2623177    
   43.9319534    
   30.2392445    
   14.5774288    
   1.28783929    
  -7.64173031    
  -11.1603479    
  -15.7534475    
  -17.3023548    
  -11.4354458    
  -13.9958324    
  -10.9587946    
  -12.6122055    
  -12.9311371    
  -12.1881304    
  -11.4370899    
  -11.8093557    
  -6.30585003    
   12.7253189    
   34.9060173    
   99.6216583    
   153.908249    
   161.929932    
   199.153397    
   185.967728    
   144.658783    
   116.042839    
   71.6553574    
   23.4057331    
  -20.9351673    
  -47.1226501    
  -48.0013351    
  -46.1042862    
  -49.4592209    
  -47.7082062    
  -49.9563484    
  -49.3272476    
  -47.3746033    
  -45.1050720    
  -45.2436295    
  -44.2591591    
  -20.6576405    
   24.0142822    
   87.1552887    
   163.122314    
   231.769440    
   274.540863    
   291.455078    
   283.502197    
   250.802536    
   185.164642    
   88.2147598    
   38.8668480    
  -35.3636322    
  -63.4266739    
  -61.2395515    
  -62.4652023    
  -61.4264793    
  -61.0017815    
  -60.7732086    
  -60.5030785    
  -60.0583420    
  -60.4528770    
  -60.8600502    
  -61.7270241    
  -34.3738747    
   35.2136345    
   101.921837    
   193.052887    
   255.386307    
   300.951019    
   303.492828    
   289.817841    
   213.932556    
   142.023819    
   95.6820602    
   34.0141792    
  -13.9928722    
  -25.5870056    
  -19.4407825    
  -19.7911282    
  -18.4591179    
  -18.2209358    
  -16.2042065    
  -25.7935581    
  -24.9150219    
  -23.8826370    
  -27.7223282    
  -38.0373154    
  -22.9690571    
   14.2035446    
   95.5148239    
   173.593826    
   229.457291    
   281.649567    
   286.022125    
   290.396027    
   255.557297    
   193.991425    
   111.192574    
   32.9170265    
  -22.8242359    
  -30.7721958    
  -47.4538956    
  -66.4372711    
  -76.0000992    
  -74.9082336    
  -69.7951889    
  -65.6112061    
  -50.2259712    
  -41.3280525    
  -46.2843475    
  -31.0379715    
  -11.6546040    
   13.5881290    
   36.8770981    
   63.5394211    
   102.534706    
   103.225090    
   136.127960    
   118.649399    
   134.445312    
   131.596313    
   111.881233    
   53.8412018    
   6.84895325    
  -20.5080662    
  -17.5812626    
  -29.0090427    
  -34.3066063    
  -32.9583702    
  -34.6057014    
  -37.0320168    
  -38.6795616    
  -35.8291817    
  -41.2440186    
  -41.8142662    
  -15.7605438    
   41.8374863    
   131.447311    
   202.506622    
   276.711731    
   316.616241    
   298.438721    
   313.810852    
   272.216614    
   202.101898    
   96.8248749    
   41.4924355    
  -11.4921255    
  -32.4101601    
  -38.6612778    
  -40.4251671    
  -30.7705612    
  -21.2065182    
  -13.5131645    
  -9.58552170    
  -9.95931149    
  -16.3619118    
  -16.2258759    
  -17.3884506    
  -2.79571176    
   24.0700932    
   80.3295898    
   140.144684    
   205.842087    
   245.970932    
   218.763428    
   187.964890    
   196.161179    
   178.121063    
   104.353004    
   32.9921722    
  -9.10958004    
  -32.5929184    
  -29.9877167    
  -31.1627979    
  -31.3284206    
  -20.6067734    
  -16.9648666    
  -15.6113386    
  -15.2915134    
  -16.7085800    
  -14.6405745    
  -12.2469311    
  -4.10386515    
   11.3251390    
   36.2527695    
   27.3509731    
   37.8184280    
   69.8264313    
   95.0702057    
   198.345520    
   189.433472    
   119.418236    
   65.5084305    
   18.9561481    
  -10.3831539    
  -25.3440323    
  -26.8758030    
  -24.7628269    
  -22.7081909    
  -22.4886646    
  -22.4503880    
  -22.6436462    
  -19.5986099    
  -19.8428802    
  -17.4862080    
  -15.8519573    
  -4.80745077    
   6.58084726    
   19.5230827    
   45.1877365    
   50.0324860    
   54.8917923    
   75.0300522    
   75.6875381    
   91.5453186    
   62.8714828    
   39.6223793    
   20.4504604    
   1.68311524    
  -5.36142063    
  -7.89843369    
  -15.6686373    
  -10.6708136    
  -7.94309950    
  -6.56701136    
  -5.71477985    
  -6.79752254    
  -7.73691940    
  -8.64760017    
  -9.72862816    
   1.36724508    
   19.6516666    
   32.6551399    
   95.1194000    
   147.353073    
   162.488419    
   232.729065    
   275.274323    
   225.581604    
   143.397400    
   94.2460938    
   51.1874123    
   11.1763973    
  -15.9527178    
  -16.6446533    
  -23.3885593    
  -14.9307537    
  -16.8829288    
  -14.4583349    
  -13.0420523    
  -15.0230885    
  -12.3470440    
  -12.5575304    
  -11.9396858    
   5.38053989    
   41.8343124    
   70.8421707    
   106.574989    
   119.304916    
   155.645844    
   183.685501    
   154.916870    
   158.266617    
   110.776131    
   67.8962708    
   37.9880829    
 -0.356761366    
  -29.0676079    
  -35.5479813    
  -26.9008503    
  -32.9437675    
  -31.9172173    
  -27.2262058    
  -37.6360512    
  -49.5008278    
  -52.2870750    
  -52.1682854    
  -59.2876053    
  -14.3880596    
   69.1709747    
   183.759293    
   276.813629    
   352.706207    
   400.408173    
   415.358551    
   396.006561    
   347.385193    
   274.261017    
   180.520676    
   77.6782303    
  -17.2558250    
  -74.5374832    
  -79.6422119    
  -77.7916412    
  -70.4619751    
  -65.9122772    
  -62.8030701    
  -58.8568687    
  -50.1899147    
  -48.6231041    
  -51.8898926    
  -49.7235260    
  -2.16763163    
   72.0561676    
   163.513016    
   163.047943    
   188.076416    
   311.678741    
   350.817657    
   263.390442    
   135.994156    
   63.3844719    
   46.2948647    
   22.2227421    
  -11.2885227    
  -25.9638405    
  -26.5584297    
  -25.3240414    
  -23.0383472    
  -22.5341625    
  -21.4982624    
  -20.6061802    
  -19.3098679    
  -19.4186878    
  -17.5226727    
  -14.9959240    
  -3.62706518    
   7.54217052    
   25.4589443    
   89.7171860    
   117.038651    
   132.920914    
   129.817383    
   114.979660    
   104.802467    
   84.4794083    
   38.0392876    
   22.2756176    
   6.27966738    
  -24.7253819    
  -29.2106018    
  -32.0598526    
  -31.0637341    
  -30.0536289    
  -38.8245964    
  -35.9823036    
  -41.6725464    
  -44.1489639    
  -48.5856552    
  -47.4802017    
  -9.77789593    
   51.5798187    
   103.750252    
   133.313278    
   227.728790    
   291.837341    
   321.055634    
   261.800629    
   218.029388    
   175.682449    
   127.921196    
   74.1442413    
   7.82482481    
  -40.0779953    
  -47.3968773    
  -37.7254486    
  -45.8870583    
  -54.6062241    
  -63.1601944    
  -62.4857178    
  -64.1392975    
  -60.8476257    
  -58.9526672    
  -51.2072220    
  0.410875767    
   93.8406372    
   196.135193    
   290.134918    
   352.475830    
   390.988220    
   389.752075    
   373.072937    
   339.407471    
   276.783081    
   199.028748    
   85.9882126    
  0.156841516    
  -50.6538277    
  -61.7337914    
  -59.3465805    
  -50.0117226    
  -45.9725151    
  -34.6691475    
  -37.8304901    
  -43.1392899    
  -45.4908142    
  -40.4003334    
  -31.0939732    
   6.91587639    
   57.4261551    
   149.308517    
   231.096176    
   288.281189    
   272.866608    
   304.482269    
   298.791412    
   316.499756    
   246.390976    
   126.703957    
   83.8345566    
   7.35803270    
  -48.9040337    
  -54.5802231    
  -67.1897812    
  -67.4768753    
  -62.7863998    
  -54.6694641    
  -53.6984596    
  -51.1774254    
  -53.1731453    
  -50.7396927    
  -44.8144150    
   2.49221039    
   80.9704742    
   180.607925    
   293.709381    
   345.729645    
   399.643250    
   381.908691    
   366.197327    
   306.711945    
   216.757339    
   148.441284    
   69.2057037    
  -4.58796358    
  -42.9511795    
  -49.9202499    
  -61.8087692    
  -62.5069542    
  -60.6820526    
  -53.4053917    
  -51.0021172    
  -45.8038940    
  -27.9675350    
  -21.9297791    
  -14.9629450    
 -0.247273803    
   9.79501915    
   21.9322777    
   18.5074272    
   13.7587729    
   14.8861208    
   8.51954460    
   18.3991508    
   36.8942299    
   17.2357578    
   11.6021738    
   16.4181843    
   4.50330257    
  -10.5269556    
  -15.4951992    
  -37.3215637    
  -38.0390320    
  -41.4267845    
  -53.4099884    
  -42.9425659    
  -41.0288773    
  -40.9985924    
  -28.3752518    
  -15.5700121    
   12.0098763    
   52.9064598    
   52.6959343    
   136.080673    
   123.549271    
   158.505783    
   132.898376    
   142.493164    
   121.080360    
   74.5005646    
   48.4449730    
   9.20862484    
  -3.62223625    
  -15.6721373    
  -20.1129780    
  -35.5507278    
  -43.4878540    
  -50.3837891    
  -49.9226303    
  -42.7561798    
  -45.7818222    
  -42.1640205    
  -42.0053902    
  -37.1409683    
   6.51702309    
   66.4680176    
   147.958633    
   200.933075    
   234.609619    
   223.992020    
   285.599274    
   310.098511    
   275.756927    
   238.138107    
   159.440002    
   49.7232170    
   6.24845028    
  -53.3668175    
  -70.4640121    
  -69.2239456    
  -73.3556747    
  -70.2702026    
  -67.9599686    
  -59.0746765    
  -58.2133865    
  -47.2251282    
  -45.0035896    
  -30.5227242    
   5.05558729    
   29.5986328    
   52.0120583    
   83.0861282    
   175.421280    
   206.778275    
   181.772156    
   166.184616    
   101.928032    
   42.7094650    
   26.1586723    
   18.9198761    
  -2.53690958    
  -14.6966467    
  -17.0508041    
  -15.0432510    
  -14.2388592    
  -14.4921236    
  -13.0316963    
  -12.1918402    
  -11.5589752    
  -12.4690132    
  -17.6880436    
  -28.8969631    
   6.80370331    
   88.5842285    
   196.588181    
   274.918915    
   349.275818    
   355.230133    
   315.304077    
   286.583771    
   205.678680    
   107.930183    
   56.5141602    
   23.3956623    
  -3.35065222    
  -19.2980404    
  -24.0842171    
  -34.5724297    
  -34.6786842    
  -29.9677162    
  -28.0591812    
  -20.3480740    
  -17.7249355    
  -18.9664612    
  -28.4063892    
  -24.3069057    
   12.7979727    
   69.6947479    
   90.8176041    
   226.867462    
   220.974243    
   225.568237    
   180.025879    
   206.053238    
   137.666107    
   108.555534    
   98.6269989    
   65.2681274    
   14.1072760    
  -42.0394897    
  -51.4159546    
  -29.9745941    
  -28.0985031    
  -30.5803356    
  -32.1383133    
  -37.4278450    
  -36.4024277    
  -34.2953758    
  -34.4234238    
  -32.2250404    
   1.92165756    
   51.3337097    
   118.627922    
   178.970535    
   175.100525    
   235.635376    
   184.744934    
   237.890884    
   277.128937    
   268.743744    
   146.220764    
   73.1513214    
   10.3198261    
  -41.0943680    
  -66.1133194    
  -79.8844681    
  -82.1801987    
  -82.7139511    
  -82.4515381    
  -83.0953140    
  -82.3556213    
  -81.3461227    
  -83.1190338    
  -61.7126579    
   14.9382372    
   114.886024    
   217.607819    
   282.667389    
   305.989471    
   273.418854    
   321.132935    
   320.964325    
   244.039124    
   202.102600    
   137.603821    
   78.4302063    
   4.86837149    
  -44.1347580    
  -50.7549324    
  -51.7638359    
  -49.3357239    
  -52.1538467    
  -48.8989716    
  -53.5935516    
  -70.4075546    
  -71.7864227    
  -77.9422607    
  -58.3653069    
   18.5393181    
   118.377220    
   222.836517    
   313.437378    
   366.593018    
   303.663818    
   307.068878    
   317.174744    
   342.060852    
   279.778992    
   208.695557    
   106.040512    
   12.3518620    
  -43.5787773    
  -68.5116882    
  -67.9200058    
  -72.4870148    
  -76.6777954    
  -79.5032959    
  -82.2745819    
  -81.9686127    
  -82.0169144    
  -79.3854980    
  -53.1516800    
   22.0965405    
   112.493050    
   211.060059    
   300.153442    
   351.463745    
   355.848541    
   322.579834    
   235.451706    
   231.243332    
   227.763214    
   169.780151    
   91.1793060    
   13.1370640    
  -54.8453331    
  -78.6058655    
  -77.8698578    
  -66.2555542    
  -53.2131157    
  -51.7576904    
  -62.2202454    
  -61.2143402    
  -70.7317123    
  -75.1047363    
  -47.8312416    
   29.6704140    
   126.923759    
   230.308044    
   321.278259    
   332.973022    
   367.101410    
   412.954803    
   398.559814    
   304.723022    
   249.249924    
   180.137390    
   96.8881912    
   9.98403740    
  -48.0791664    
  -66.6891785    
  -60.1958504    
  -57.1068764    
  -68.2789688    
  -66.3975983    
  -67.1863937    
  -69.0901031    
  -72.8512115    
  -72.5081635    
  -45.1103096    
   24.1974316    
   123.212570    
   223.013840    
   307.393829    
   342.308289    
   395.120636    
   396.751953    
   395.645874    
   303.403320    
   212.724197    
   149.342606    
   95.8869171    
   19.7617474    
  -42.9755554    
  -62.0868111    
  -58.2769852    
  -64.4659653    
  -67.5929031    
  -68.0141220    
  -61.0124741    
  -65.6192780    
  -62.7121315    
  -52.9700928    
  -26.4547939    
   17.8647060    
   111.534805    
   182.751526    
   297.346283    
   349.466248    
   361.097961    
   298.087769    
   344.704834    
   333.776611    
   264.349091    
   167.637436    
   101.601204    
   13.2733526    
  -41.3628654    
  -66.0932693    
  -56.9661903    
  -66.9978867    
  -68.3951111    
  -64.7502747    
  -73.0941086    
  -75.5281143    
  -72.1131439    
  -66.4468994    
  -38.1970215    
   22.6438580    
   115.741302    
   221.998840    
   313.179901    
   331.303711    
   425.897705    
   394.630920    
   341.647888    
   311.542236    
   289.248474    
   218.473969    
   111.891785    
   20.0026398    
  -41.9908066    
  -78.4634781    
  -85.7502670    
  -83.5542984    
  -81.5387955    
  -78.8633347    
  -79.9109497    
  -79.7866669    
  -79.4646149    
  -78.3810425    
  -43.3332481    
   37.9060593    
   136.227112    
   237.233978    
   324.415802    
   396.450836    
   411.451172    
   375.435516    
   364.396881    
   281.570770    
   213.805756    
   150.651108    
   59.5736046    
   6.97226524    
  -37.6527023    
  -69.7190628    
  -85.9859619    
  -82.4554672    
  -79.1178513    
  -70.6729050    
  -67.7258835    
  -65.2786331    
  -61.6444702    
  -57.7146912    
  -21.2564259    
   37.5356674    
   110.344536    
   192.263596    
   325.861389    
   394.777191    
   426.752075    
   330.225067    
   240.725586    
   214.745590    
   162.669876    
   117.091431    
   69.3037033    
   22.0273933    
  -44.0545082    
  -68.6616211    
  -81.8950806    
  -80.0408173    
  -78.7051392    
  -76.9710312    
  -75.6576614    
  -73.4768600    
  -72.8263092    
  -67.0627060    
  -34.6644096    
   45.0736618    
   136.065781    
   234.896469    
   330.189178    
   400.432678    
   443.028320    
   438.806061    
   266.066772    
   183.841873    
   141.140594    
   107.890625    
   60.0521202    
   20.9770870    
  -36.6939583    
  -73.4389420    
  -81.4816589    
  -76.5022354    
  -79.0590973    
  -61.1583176    
  -54.0090828    
  -51.8220139    
  -50.9474564    
  -56.5999146    
  -29.0764389    
   34.5302620    
   103.457649    
   199.177704    
   294.440857    
   355.980194    
   364.058105    
   347.048950    
   355.509277    
   352.989075    
   268.948639    
   86.2004242    
   47.9609871    
   21.0675945    
  -18.8179550    
  -31.6756573    
  -28.7604256    
  -43.3891678    
  -47.2293167    
  -49.4086418    
  -38.8198471    
  -37.7594833    
  -35.6393700    
  -31.6267986    
  -20.3713398    
   26.3446808    
   82.6380768    
   173.578491    
   315.932831    
   399.357605    
   437.110382    
   420.868896    
   382.470703    
   331.431915    
   261.356018    
   170.157547    
   78.1491852    
   22.3063278    
  -27.3193531    
  -60.0386238    
  -61.9604111    
  -68.3650742    
  -73.1242065    
  -74.4795227    
  -74.0626831    
  -73.4545364    
  -72.7960052    
  -69.9333725    
  -28.2420139    
   55.7096748    
   151.245636    
   250.843628    
   322.692871    
   342.456238    
   293.658203    
   168.120819    
   198.734528    
   201.842911    
   154.681656    
   90.4070358    
   82.9569016    
   40.6056404    
  -14.2510138    
  -35.6149254    
  -39.7269669    
  -39.2467194    
  -36.8531532    
  -36.4272346    
  -41.9285431    
  -47.2438469    
  -39.6452446    
  -34.1416817    
  -8.68003750    
   37.1420250    
   101.266747    
   161.292618    
   266.991333    
   271.208466    
   371.732605    
   409.487366    
   437.613281    
   386.785553    
   314.555267    
   220.941864    
   100.234756    
   20.4928875    
  -38.0018578    
  -74.5969620    
  -84.3500214    
  -83.4138641    
  -80.8540268    
  -77.7745285    
  -75.2338791    
  -70.9602661    
  -64.5157318    
  -50.6126671    
  -10.1197014    
   38.8703423    
   82.0953217    
   110.290184    
   257.971436    
   363.490845    
   430.517059    
   442.428253    
   415.823578    
   365.696716    
   263.553558    
   137.230316    
   42.6164589    
   10.6018009    
  -13.4346685    
  -23.1961632    
  -21.9527931    
  -17.7473602    
  -30.1968098    
  -46.3506088    
  -36.7862663    
  -32.3935204    
  -40.7417183    
  -42.3253441    
  -18.1283798    
   62.6547470    
   149.301575    
   187.096863    
   184.096802    
   198.215775    
   260.933289    
   305.380798    
   341.465637    
   352.378326    
   326.342712    
   253.206009    
   134.123718    
   37.3693390    
  -22.5235939    
  -63.0334167    
  -78.4659424    
  -76.2578354    
  -73.7178116    
  -75.2372208    
  -75.2490768    
  -74.6868591    
  -72.5474854    
  -64.2754517    
  -21.4866257    
   50.5926018    
   141.227341    
   240.942337    
   340.315002    
   373.878784    
   347.430786    
   400.498138    
   391.807312    
   339.125214    
   301.597809    
   240.276810    
   133.388443    
   46.2810555    
  -34.2356262    
  -70.6665421    
  -79.6072617    
  -79.8045502    
  -72.0836182    
  -64.6121902    
  -54.1266975    
  -56.2986717    
  -55.7543602    
  -53.5828590    
  -15.9398451    
   47.0075035    
   139.902863    
   232.946426    
   335.478546    
   397.768341    
   427.879517    
   395.943848    
   366.134583    
   304.311279    
   213.296356    
   144.518539    
   79.8059769    
   27.0685768    
  -20.4081554    
  -51.5474930    
  -55.5755196    
  -66.6207886    
  -62.1036263    
  -68.3805771    
  -53.1400528    
  -58.9868355    
  -57.4372444    
  -50.1547966    
  -9.97281265    
   57.8450737    
   146.962280    
   240.451706    
   340.668884    
   391.151886    
   424.774872    
   425.787994    
   376.968079    
   304.458771    
   226.122498    
   170.434555    
   67.3014832    
   34.2585487    
  -17.2190933    
  -61.1228409    
  -63.8024292    
  -64.7559967    
  -60.2297211    
  -52.7813339    
  -39.6689110    
  -30.6411247    
  -22.6695080    
  -16.4151115    
  -7.79799032    
   1.03040206    
   15.6047773    
   26.1039352    
   51.9650345    
   87.4143753    
   123.027336    
   148.024643    
   151.682678    
   171.686661    
   270.317017    
   225.543503    
   123.712929    
   39.0014992    
  -8.85857582    
  -27.1136532    
  -45.6533737    
  -38.9240532    
  -46.3671265    
  -53.6040306    
  -48.0537949    
  -41.2229042    
  -44.6494408    
  -42.2298622    
  -5.99183178    
   70.3130875    
   158.203735    
   249.420456    
   350.017975    
   385.248199    
   338.617706    
   357.016449    
   292.066223    
   222.404984    
   140.933853    
   71.4428635    
   74.5942688    
   40.8025246    
  -19.2416153    
  -55.6213188    
  -58.4061737    
  -46.2934761    
  -43.6839752    
  -55.1968384    
  -71.7628632    
  -74.0385284    
  -68.9050980    
  -59.5910759    
  -12.5338726    
   65.5472717    
   161.762848    
   176.281448    
   169.703934    
   310.020203    
   337.395325    
   336.051666    
   341.985962    
   363.797516    
   302.934906    
   235.828323    
   98.5970535    
   41.6405334    
  -13.7290888    
  -50.0372162    
  -51.3651276    
  -55.8172379    
  -55.8059158    
  -59.7140350    
  -70.9978104    
  -68.5087280    
  -74.6328278    
  -69.6358032    
  -16.1582127    
   70.8690033    
   171.119812    
   261.402832    
   355.397034    
   431.932678    
   395.102844    
   415.325012    
   365.807312    
   333.886749    
   296.615814    
   203.632217    
   120.863472    
   37.5471954    
  -33.1744194    
  -81.8610229    
  -85.8966827    
  -82.2071762    
  -80.0749283    
  -77.7595749    
  -78.0996475    
  -82.0792770    
  -79.6200485    
  -70.8403320    
  -18.1907444    
   65.7237320    
   172.390549    
   272.936768    
   349.513885    
   416.260101    
   461.953796    
   448.588196    
   403.486359    
   316.820862    
   263.470398    
   157.567444    
   106.468971    
   19.6911068    
  -24.9121342    
  -58.1106110    
  -84.3683243    
  -81.5478439    
  -77.7560501    
  -76.2238007    
  -78.4720230    
  -81.8544540    
  -84.7148590    
  -73.4165497    
  -16.4095135    
   67.8079300    
   161.008270    
   262.842102    
   359.363586    
   429.679443    
   475.845520    
   482.365692    
   448.999146    
   404.748077    
   325.619812    
   236.733704    
   146.101807    
   46.8368263    
  -23.8062325    
  -55.8886223    
  -84.4655304    
  -73.4991226    
  -71.4349976    
  -63.5951767    
  -60.1632080    
  -55.3243790    
  -65.7948303    
  -51.8222275    
  -8.74612617    
   52.9614716    
   144.356842    
   169.537720    
   321.564484    
   340.444672    
   351.321106    
   311.071350    
   337.494293    
   285.253784    
   264.701843    
   189.951309    
   117.710289    
   36.3155136    
  -20.8028717    
  -69.1804352    
  -86.6295395    
  -77.5719757    
  -70.6406021    
  -64.5123825    
  -61.5205116    
  -59.8243675    
  -54.1953278    
  -43.3999214    
  -16.5395088    
   24.2567463    
   97.3257217    
   200.568161    
   290.556061    
   332.509277    
   286.509644    
   193.992432    
   157.804993    
   140.423782    
   130.570129    
   104.720154    
   68.1836319    
   32.7162056    
  -7.83125782    
  -42.8987312    
  -52.3872719    
  -57.0352707    
  -60.4714165    
  -47.0331001    
  -47.7865639    
  -60.8490410    
  -55.2165909    
  -50.8595009    
  -6.43885231    
   48.5363235    
   123.121292    
   213.158203    
   300.685120    
   291.693420    
   290.234039    
   288.392334    
   234.165405    
   189.173569    
   149.811554    
   103.334106    
   53.1186676    
   3.19556999    
  -9.74702930    
  -30.6874180    
  -35.5360374    
  -32.8829193    
  -30.0104790    
  -29.3802948    
  -36.4282150    
  -39.9031715    
  -41.4976883    
  -41.5589371    
   1.65105367    
   63.1969604    
   172.415192    
   278.076630    
   362.686279    
   424.227905    
   462.077301    
   414.313324    
   344.126282    
   223.162537    
   116.777954    
   76.7089691    
   16.3582535    
  -17.8145618    
  -27.8133125    
  -26.8062325    
  -27.3022556    
  -23.8577461    
  -23.0417290    
  -20.8995190    
  -18.6819401    
  -16.5637474    
  -16.4721928    
  -16.6450577    
  -8.89417362    
   5.32286167    
   30.7599621    
   60.3820915    
   113.197693    
   171.112778    
   183.455322    
   227.594772    
   289.449677    
   267.585083    
   223.304550    
   169.518234    
   153.072128    
   68.8099060    
   7.35577059    
  -49.4331551    
  -61.3318405    
  -57.9842186    
  -47.5990791    
  -54.0495872    
  -61.0573921    
  -63.0511742    
  -66.7934570    
  -47.2878761    
   7.16494989    
   51.2486115    
   68.7098923    
   76.1456299    
   170.283432    
   227.857864    
   234.665619    
   166.855057    
   185.462570    
   138.545074    
   195.972397    
   214.700851    
   155.057541    
   76.6213760    
   1.33305442    
  -43.2382393    
  -63.7201767    
  -61.3230286    
  -61.0171356    
  -67.8143997    
  -67.6493607    
  -64.9686127    
  -64.6707306    
  -53.7062187    
   4.26723099    
   89.4765396    
   185.627686    
   271.043549    
   345.360229    
   414.180084    
   440.089081    
   433.826721    
   430.359131    
   413.140503    
   316.070740    
   251.479370    
   155.863449    
   63.9094772    
 -0.331614345    
  -56.3089943    
  -74.0822754    
  -73.6905594    
  -73.1250000    
  -71.3476486    
  -71.1264267    
  -69.8475342    
  -69.3175430    
  -55.6578026    
   2.66490841    
   90.4839172    
   188.549591    
   285.583679    
   373.973328    
   440.615692    
   483.456329    
   480.555603    
   462.437225    
   382.094635    
   291.155823    
   168.684967    
   80.7497025    
   25.5242138    
  -18.8460732    
  -44.5735359    
  -44.0650864    
  -41.2877808    
  -38.2625656    
  -36.0555077    
  -33.0410233    
  -32.3740501    
  -30.2625027    
  -24.4696522    
  -13.3483772    
   2.26347756    
   36.4141273    
   59.8595047    
   64.3920593    
   165.257401    
   153.049103    
   179.379913    
   215.123627    
   124.228561    
   95.0514832    
   26.9531155    
   10.4811583    
   12.4902115    
  0.707365096    
  -10.1058989    
  -18.6988888    
  -22.2629719    
  -24.2277851    
  -25.4060116    
  -32.3130226    
  -36.1600151    
  -45.9822006    
  -33.3592987    
   13.4503298    
   87.5918503    
   162.853745    
   240.330399    
   256.763245    
   282.090118    
   376.127441    
   349.940674    
   231.093231    
   284.471771    
   267.179535    
   186.608307    
   121.034370    
   50.4923820    
   8.48389816    
  -29.2988167    
  -46.6705437    
  -43.4264565    
  -52.8536072    
  -55.1374359    
  -50.4404488    
  -43.7638283    
  -33.6220589    
  -17.9231319    
   4.33893919    
   27.5958157    
   62.8825302    
   125.098900    
   288.763672    
   318.827087    
   403.371613    
   346.185089    
   374.459473    
   319.344452    
   254.085205    
   231.343597    
   131.863205    
   32.7359390    
  -19.7536697    
  -40.3169174    
  -49.5319290    
  -52.0420456    
  -51.2496033    
  -48.9414253    
  -51.9088440    
  -51.9629898    
  -49.7125664    
  -33.3950272    
   11.8280830    
   70.2645569    
   125.859146    
   129.866653    
   149.318085    
   136.315918    
   107.705292    
   171.097290    
   269.861420    
   336.345947    
   338.524719    
   228.504120    
   137.176865    
   60.0439148    
   1.71317530    
  -58.1378632    
  -79.2479401    
  -78.2287445    
  -76.7096863    
  -74.9089508    
  -73.8241577    
  -72.9981995    
  -72.3781586    
  -55.8553772    
   2.92076421    
   89.0468216    
   185.317444    
   281.623535    
   369.664032    
   413.423401    
   380.494293    
   337.500122    
   267.276825    
   305.167938    
   254.309326    
   179.878418    
   100.406723    
   56.4226494    
  -12.3034391    
  -63.1228409    
  -77.9981384    
  -72.4575272    
  -71.0538864    
  -67.9591293    
  -62.4570656    
  -55.8593063    
  -51.6027756    
  -36.9626503    
  -4.43502426    
   49.2955055    
   55.5043449    
   148.617432    
   304.275208    
   378.490662    
   453.230835    
   462.336975    
   456.398346    
   358.009460    
   297.090332    
   221.011780    
   142.833664    
   58.3048973    
  -4.55722809    
  -44.7423859    
  -74.9521255    
  -68.1585007    
  -71.2004547    
  -70.7858505    
  -71.3389435    
  -71.8124771    
  -70.5738144    
  -53.6099777    
   4.14489841    
   88.9444046    
   183.110474    
   279.063019    
   324.903992    
   311.899902    
   365.294342    
   399.270477    
   348.330200    
   271.402527    
   197.199982    
   156.610367    
   113.163544    
   60.8628731    
  -4.75280905    
  -46.7989578    
  -68.5135574    
  -71.0937653    
  -73.7128220    
  -78.5027466    
  -78.9226074    
  -74.7528763    
  -73.7191467    
  -59.0250778    
  -1.44768488    
   86.2588272    
   182.809647    
   279.016846    
   365.731842    
   417.588348    
   443.890808    
   472.058136    
   459.406738    
   421.357971    
   345.380005    
   264.225189    
   161.424515    
   70.2277985    
  -15.4510756    
  -73.7944641    
  -92.8706512    
  -89.9872437    
  -86.8916016    
  -83.9552231    
  -80.1983948    
  -74.1045227    
  -69.1383514    
  -46.6888771    
  -2.30398107    
   80.0530014    
   167.192047    
   278.993378    
   362.968689    
   432.069855    
   478.234772    
   424.077271    
   432.736786    
   415.939697    
   347.928802    
   260.010315    
   159.852356    
   67.0515137    
  -16.2296238    
  -75.6234360    
  -97.3352737    
  -93.5816193    
  -89.9178085    
  -86.8820801    
  -85.0790253    
  -82.9711151    
  -76.1192169    
  -56.4358559    
  0.188771456    
   77.8313141    
   173.024841    
   264.517700    
   356.646179    
   424.037079    
   437.687836    
   399.257324    
   325.495972    
   308.488373    
   225.753525    
   155.351364    
   89.4825592    
   56.6811104    
  -1.17388499    
  -53.8127518    
  -70.3371964    
  -64.5258255    
  -59.0551453    
  -52.8935165    
  -53.9514236    
  -51.1011734    
  -56.2618179    
  -36.4300995    
   3.32484603    
   72.3132401    
   134.861435    
   228.619293    
   347.578461    
   400.661011    
   443.132782    
   467.508118    
   451.138763    
   415.494812    
   353.059906    
   247.401779    
   152.648941    
   68.1243668    
  -7.22056532    
  -63.2102661    
  -85.8292160    
  -81.1632614    
  -78.4407425    
  -75.6181717    
  -72.7156372    
  -69.5772400    
  -71.4190292    
  -53.5114174    
   2.58670998    
   83.8465881    
   160.004913    
   241.457977    
   285.625000    
   278.442963    
   331.567596    
   330.576813    
   325.854584    
   252.892410    
   232.331345    
   157.010529    
   117.771286    
   45.5694847    
  -13.7432861    
  -42.1036758    
  -57.6993828    
  -59.3955269    
  -56.0434952    
  -47.0645332    
  -41.9323883    
  -37.9697075    
  -37.4835014    
  -30.7950325    
  -15.3088169    
   38.9104118    
   113.955399    
   230.470398    
   229.848068    
   267.669891    
   369.061768    
   412.208588    
   320.403381    
   281.406891    
   255.541595    
   169.143738    
   88.9069977    
   53.1675568    
  -1.26540256    
  -56.9611588    
  -74.4286957    
  -69.1040268    
  -69.1939163    
  -69.2778549    
  -63.9338837    
  -60.1215096    
  -61.9030457    
  -51.1664696    
  -3.74696469    
   75.9993286    
   144.244263    
   228.691071    
   308.756012    
   310.830811    
   289.063782    
   247.727676    
   222.030243    
   220.990601    
   198.412338    
   129.368362    
   120.902328    
   53.8173676    
   13.7673206    
  -34.9718819    
  -49.6748810    
  -51.2197418    
  -57.7001877    
  -60.6641502    
  -57.8446159    
  -58.2526360    
  -61.9982071    
  -43.1150818    
   10.3252001    
   89.3891525    
   181.274796    
   280.069153    
   316.280121    
   398.149323    
   390.915192    
   394.431366    
   353.305054    
   339.366302    
   251.862869    
   204.548325    
   104.729591    
   37.7610054    
 -0.869792759    
  -24.2659130    
  -38.2491875    
  -37.7317734    
  -52.0501366    
  -61.2423859    
  -65.7877350    
  -76.0091324    
  -79.5249176    
  -59.7437592    
   2.70877934    
   91.8145447    
   193.118347    
   236.591064    
   168.887497    
   192.576508    
   187.189590    
   223.361038    
   207.721115    
   238.981842    
   185.411407    
   206.243958    
   131.527542    
   75.7804642    
   7.81782961    
  -44.3736649    
  -58.0015259    
  -52.6582565    
  -61.7766533    
  -65.5542908    
  -65.9045486    
  -66.5818405    
  -66.9125290    
  -48.4899368    
   9.09325123    
   93.5012131    
   182.174728    
   280.929565    
   357.812439    
   434.441071    
   393.679962    
   326.773071    
   328.668762    
   331.672546    
   253.045670    
   227.907394    
   178.867981    
   78.3354187    
   2.56792712    
  -59.0481873    
  -82.7859116    
  -76.6458817    
  -78.9646301    
  -77.2317123    
  -75.0508194    
  -74.1704712    
  -70.3384171    
  -52.2969971    
   6.37637758    
   85.7090912    
   173.259094    
   271.301697    
   362.391815    
   417.327728    
   436.062561    
   374.892456    
   222.962997    
   187.392822    
   226.974503    
   236.967407    
   129.826736    
   60.1422882    
   7.08933973    
  -31.9826202    
  -63.9590912    
  -64.5027237    
  -62.4682808    
  -61.4038620    
  -66.1854706    
  -65.7394638    
  -61.7141151    
  -46.1083832    
   10.7162390    
   96.1964951    
   191.030930    
   274.890900    
   356.757355    
   400.589661    
   366.808655    
   336.024719    
   323.557068    
   241.491913    
   170.257324    
   162.186188    
   137.867676    
   68.5145950    
  -2.96062994    
  -49.7274132    
  -62.8483887    
  -59.6182976    
  -56.8437424    
  -58.5973892    
  -53.5445213    
  -53.2517548    
  -54.9550514    
  -42.4111290    
   6.79514170    
   85.8721924    
   154.296463    
   213.070709    
   143.678635    
   199.834824    
   181.744034    
   272.720490    
   223.072632    
   174.844925    
   204.238037    
   139.641144    
   90.6049881    
   27.0521469    
 -0.717199504    
  -30.9098892    
  -31.0473461    
  -37.6629257    
  -27.5052090    
  -27.0923290    
  -29.2249718    
  -24.0633221    
  -23.0123043    
  -18.1469650    
  -12.8657665    
  -2.41696858    
  -3.63646674    
   6.92340946    
   24.0827198    
   91.5175552    
   242.692032    
   333.720520    
   330.072205    
   334.255768    
   268.036621    
   245.292175    
   188.328522    
   95.9922333    
   8.72530365    
  -44.8754578    
  -74.7451935    
  -76.3210449    
  -59.6509323    
  -43.7908821    
  -31.7981892    
  -36.2061577    
  -35.1703148    
  -26.3454285    
  -19.1409321    
   7.71726179    
   71.0056229    
   152.716492    
   169.524414    
   296.810699    
   275.492584    
   139.251953    
   90.6592026    
   63.6674500    
   27.9778652    
   33.2707634    
   22.0077477    
   37.5848312    
   7.92565727    
  -21.8945847    
  -43.0174065    
  -42.8414688    
  -33.6453476    
  -27.4874668    
  -24.9431839    
  -28.9177265    
  -24.1062908    
  -19.2891846    
  -6.95228815    
  0.364639461    
   14.7537670    
   26.9108162    
   99.3964920    
   144.291092    
   249.890625    
   386.544525    
   381.261230    
   281.186951    
   203.681702    
   200.717560    
   140.917328    
   79.4599533    
   17.3136368    
  -29.0244217    
  -48.4676208    
  -42.9433937    
  -51.7231483    
  -62.6791420    
  -68.4293747    
  -68.5351181    
  -68.5754623    
  -49.8211060    
   10.0873079    
   96.9146729    
   191.895752    
   289.262939    
   378.208679    
   442.652435    
   490.635040    
   505.610870    
   477.472137    
   435.658722    
   370.206421    
   285.093567    
   189.875549    
   88.8045578    
   4.91037750    
  -57.3567009    
  -86.7311630    
  -84.7282639    
  -82.0294266    
  -78.7156219    
  -77.6638412    
  -76.6708450    
  -74.6991730    
  -53.9777641    
   3.48250031    
   87.8727951    
   168.692490    
   274.326935    
   344.185211    
   417.990692    
   464.345856    
   485.171204    
   460.047211    
   421.319000    
   360.805115    
   280.293060    
   185.765488    
   88.0864029    
   5.58676243    
  -54.7114525    
  -81.6520233    
  -79.6983490    
  -77.3438416    
  -75.0887756    
  -73.9046097    
  -73.0433502    
  -72.5180054    
  -54.2834778    
   4.45493698    
   89.1040573    
   182.534286    
   277.179108    
   362.658691    
   416.681793    
   406.077789    
   384.441620    
   386.368896    
   389.172394    
   275.244537    
   238.129837    
   162.556976    
   83.9619522    
   6.49963760    
  -53.6619225    
  -82.0053864    
  -80.1686249    
  -77.8595200    
  -75.0648499    
  -73.1104279    
  -71.6244736    
  -69.9739685    
  -51.9512825    
   6.46526766    
   89.8300858    
   182.949844    
   276.016998    
   357.682739    
   424.940216    
   472.750031    
   486.848785    
   468.460876    
   408.398895    
   307.363953    
   194.545807    
   132.265198    
   60.9780197    
   4.39621544    
  -54.1412811    
  -79.7889252    
  -77.6759338    
  -74.6695938    
  -71.7278595    
  -69.6803284    
  -67.8541031    
  -66.0784073    
  -47.8792343    
   9.56378937    
   92.5505676    
   183.974182    
   277.276825    
   361.249695    
   414.658386    
   397.289246    
   403.310150    
   425.533752    
   372.245483    
   342.645447    
   275.598297    
   179.803513    
   61.3913422    
  -7.75942230    
  -49.9448586    
  -77.9047241    
  -77.2266541    
  -77.0903091    
  -75.1293411    
  -73.5659561    
  -71.8746185    
  -68.7913208    
  -52.6032333    
   1.43367445    
   87.3400345    
   178.407135    
   272.614685    
   355.513702    
   414.079285    
   468.050537    
   468.613678    
   449.935730    
   412.057648    
   351.360138    
   269.847137    
   174.566803    
   75.5679550    
  -10.1270990    
  -75.0233612    
  -104.563896    
  -103.662216    
  -101.635544    
  -97.9393082    
  -96.0696030    
  -94.5390244    
  -92.7965622    
  -72.9537735    
  -11.4198141    
   76.3706436    
   172.309357    
   269.307190    
   355.360321    
   424.686066    
   468.434021    
   480.599457    
   461.650848    
   415.448608    
   349.053650    
   264.364746    
   168.491669    
   71.5971756    
  -11.8686409    
  -74.3727188    
  -102.255478    
  -99.1979599    
  -95.5486374    
  -91.2144852    
  -88.5815659    
  -86.7754211    
  -85.0241776    
  -65.7405930    
  -6.96035242    
   77.7557602    
   175.495010    
   272.879822    
   358.759094    
   426.927551    
   473.172028    
   488.839600    
   472.116577    
   426.361755    
