   272.507721    
   272.791809    
   272.877075    
   272.955200    
   272.979095    
   272.938049    
   272.907440    
   273.224670    
   273.514160    
   273.353729    
   273.231262    
   273.202026    
   273.138763    
   272.645386    
   272.473083    
   272.208527    
   271.657837    
   271.581268    
   271.598175    
   270.899384    
   270.630035    
   269.173004    
   268.951538    
   269.264496    
   269.403625    
   268.706421    
   268.581085    
   268.347656    
   267.374573    
   267.075134    
   266.990051    
   266.891449    
   266.970581    
   266.994904    
   267.131958    
   267.167511    
   267.157745    
   266.736481    
   266.754211    
   266.758575    
   266.214478    
   266.302002    
   266.149536    
   266.023834    
   265.631592    
   266.577332    
   266.469452    
   266.695465    
   266.400146    
   266.164337    
   265.877899    
   265.491394    
   265.352051    
   265.160034    
   264.686493    
   265.188477    
   265.330505    
   266.042938    
   266.048157    
   265.824860    
   265.728668    
   265.398956    
   265.470673    
   265.638611    
   265.465546    
   265.598022    
   265.736389    
   265.436859    
   265.522980    
   265.637878    
   265.725342    
   265.694550    
   265.792877    
   265.644867    
   265.581726    
   265.599335    
   265.536102    
   265.429413    
   264.699158    
   265.930328    
   266.208832    
   267.214203    
   267.336487    
   267.392120    
   267.446930    
   267.069336    
   267.159943    
   267.077454    
   267.104980    
   266.973358    
   266.896606    
   267.045135    
   266.924835    
   267.040253    
   266.896545    
   266.797729    
   266.891296    
   267.427765    
   267.391876    
   267.384003    
   267.739441    
   267.771088    
   267.607239    
   268.266998    
   268.397400    
   268.663208    
   268.661621    
   268.780151    
   269.002258    
   269.551056    
   270.000610    
   270.001831    
   270.770721    
   271.230377    
   271.359558    
   271.985779    
   272.163239    
   272.823486    
   273.362793    
   273.831055    
   273.880066    
   274.035980    
   273.998474    
   273.751282    
   273.386444    
   273.075165    
   272.881042    
   273.571136    
   273.824219    
   274.089203    
   274.176147    
   274.001251    
   273.898315    
   273.422211    
   273.727417    
   273.731903    
   273.548981    
   273.481354    
   273.619171    
   273.707245    
   273.760406    
   273.126617    
   273.131531    
   273.250336    
   273.383362    
   272.616943    
   272.510437    
   272.594879    
   271.371429    
   271.056946    
   270.532379    
   269.535187    
   269.014832    
   268.723816    
   268.252106    
   268.164429    
   268.145721    
   267.613373    
   267.919769    
   268.079681    
   268.022125    
   267.964447    
   268.028442    
   267.990967    
   268.098877    
   267.750641    
   267.634369    
   267.480011    
   267.458191    
   267.095795    
   267.117737    
   267.363251    
   266.930023    
   266.742493    
   266.973999    
   268.670197    
   269.050262    
   270.047821    
   270.033386    
   269.752197    
   269.579926    
   268.963806    
   268.963715    
   269.184021    
   269.185486    
   269.246216    
   269.218506    
   269.196198    
   268.988831    
   268.708740    
   268.591766    
   268.546021    
   268.238068    
   267.809540    
   267.608093    
   267.473633    
   267.518494    
   267.542419    
   267.528992    
   268.259979    
   268.484283    
   268.910339    
   268.921173    
   268.748871    
   268.611206    
   268.114349    
   267.823700    
   267.632782    
   267.400024    
   267.402283    
   267.479309    
   267.336487    
   267.338837    
   267.386780    
   267.405304    
   267.383087    
   267.317047    
   267.383698    
   267.411560    
   267.367950    
   267.477661    
   267.515625    
   267.370209    
   267.775452    
   267.908203    
   268.016052    
   268.130920    
   268.068115    
   267.941101    
   267.558929    
   267.482574    
   267.397705    
   266.931549    
   266.831024    
   266.856873    
   266.799835    
   266.967682    
   266.843811    
   267.197388    
   267.540863    
   267.732452    
   266.770538    
   266.459595    
   266.071259    
   264.811432    
   264.331085    
   263.796936    
   263.329987    
   263.040405    
   262.667938    
   262.526031    
   262.566010    
   262.518066    
   261.947906    
   262.102264    
   262.215546    
   262.059692    
   262.097229    
   262.194244    
   261.792938    
   261.685791    
   261.367889    
   261.274750    
   261.205475    
   261.075714    
   260.390381    
   260.206573    
   260.174408    
   259.545837    
   259.345093    
   259.173126    
   259.427246    
   259.363403    
   260.042542    
   260.070862    
   260.040527    
   259.914734    
   258.599182    
   258.397644    
   258.374359    
   257.274414    
   257.063141    
   256.952515    
   256.453552    
   256.409943    
   256.930847    
   256.960449    
   256.932526    
   256.937500    
   256.180145    
   255.833557    
   255.410538    
   254.435898    
   253.970398    
   253.745819    
   256.901611    
   257.059296    
   259.282166    
   259.589081    
   259.518555    
   260.299164    
   262.537781    
   263.201996    
   263.566254    
   266.028748    
   266.756317    
   267.325867    
   269.642242    
   270.112793    
   271.417175    
   272.315704    
   272.660034    
   273.084137    
   274.847870    
   275.009155    
   274.673920    
   275.511780    
   275.601349    
   275.309845    
   275.212921    
   274.934540    
   275.284729    
   275.240295    
   274.783142    
   274.535248    
   273.727692    
   273.573730    
   273.498474    
   272.795288    
   272.718414    
   272.492798    
   271.873901    
   271.665985    
   271.750885    
   271.703766    
   271.666351    
   271.661194    
   271.468048    
   271.475189    
   271.437378    
   271.542480    
   271.545685    
   271.540863    
   272.292694    
   272.286652    
   272.485809    
   272.366272    
   272.216736    
   272.082489    
   271.869934    
   271.855133    
   271.724792    
   271.559235    
   271.652191    
   271.651001    
   271.401581    
   271.248596    
   271.004822    
   270.994049    
   271.034973    
   270.983337    
   270.708618    
   270.583069    
   270.445374    
   270.256012    
   270.246796    
   270.230621    
   270.621399    
   270.694092    
   271.379822    
   271.567383    
   271.663330    
   271.778473    
   270.065826    
   269.472870    
   268.958710    
   268.198608    
   267.927429    
   267.836700    
   267.543152    
   267.559174    
   267.845032    
   267.909882    
   267.973419    
   268.082642    
   268.364990    
   268.462921    
   268.523224    
   268.960052    
   269.030243    
   269.000244    
   269.731110    
   269.878387    
   270.310913    
   270.422394    
   270.741516    
   270.895111    
   271.213776    
   271.423553    
   271.499054    
   271.910217    
   272.041809    
   272.134949    
   272.288757    
   272.243561    
   271.911621    
   271.797546    
   272.074554    
   272.007874    
   271.740173    
   271.683258    
   271.634247    
   270.862762    
   270.321625    
   269.749176    
   269.232880    
   269.119934    
   268.760559    
   268.739746    
   268.684723    
   268.734406    
   268.078094    
   268.136322    
   268.290222    
   267.856262    
   267.859894    
   267.617676    
   266.335938    
   265.713135    
   265.044708    
   264.703278    
   264.771088    
   264.656464    
   264.019501    
   263.828888    
   263.436340    
   262.600067    
   262.075348    
   261.794952    
   263.462982    
   264.258698    
   266.283203    
   266.734680    
   266.983032    
   266.846741    
   265.936768    
   265.689545    
   265.787354    
   266.321564    
   266.381287    
   266.644226    
   267.333282    
   267.654724    
   268.658325    
   268.854065    
   269.055511    
   269.317627    
   269.858368    
   269.993164    
   270.040131    
   270.424316    
   270.461609    
   270.261932    
   270.616302    
   270.481934    
   270.811218    
   270.760834    
   270.777771    
   270.746796    
   270.780731    
   270.834991    
   270.828339    
   270.856934    
   270.878326    
   270.774841    
   270.658569    
   270.629486    
   270.596924    
   270.654999    
   270.778687    
   270.854248    
   270.678192    
   270.522705    
   270.406982    
   269.974731    
   269.868103    
   269.650299    
   269.499054    
   269.325073    
   269.190674    
   269.103699    
   268.994202    
   268.909790    
   268.319336    
   268.339905    
   268.540009    
   268.604492    
   268.625122    
   268.381287    
   268.063660    
   267.728668    
   267.556702    
   267.651489    
   267.906311    
   268.033173    
   268.224854    
   268.256744    
   268.328308    
   268.470032    
   268.853027    
   269.208832    
   270.325134    
   270.539948    
   270.982300    
   271.026031    
   271.020813    
   271.076569    
   270.537628    
   270.430695    
   270.425995    
   270.206238    
   270.151123    
   270.188629    
   269.949860    
   269.886841    
   269.407349    
   269.324036    
   269.282104    
   269.258911    
   268.915863    
   269.011566    
   269.200684    
   269.194092    
   269.168915    
   269.192657    
   269.802124    
   269.936310    
   271.170471    
   271.349487    
   271.613739    
   271.812439    
   271.046509    
   271.205688    
   271.185852    
   270.687988    
   270.806671    
   270.620880    
   269.686646    
   269.702820    
   268.848083    
   268.715363    
   268.551819    
   268.612183    
   268.505035    
   267.675995    
   268.036499    
   267.389618    
   268.243347    
   267.890381    
   268.203339    
   268.154938    
   267.448944    
   267.381409    
   267.822601    
   268.056152    
   267.306641    
   267.293152    
   267.293091    
   265.448883    
   265.718628    
   265.221313    
   264.386597    
   265.095306    
   264.872803    
   264.943420    
   264.814728    
   264.713562    
   264.420471    
   264.600250    
   264.537811    
   264.130096    
   264.125336    
   263.877747    
   264.744476    
   264.756897    
   265.809265    
   265.838867    
   265.813629    
   265.771210    
   265.132477    
   264.902893    
   264.667236    
   264.514679    
   264.528778    
   264.539490    
   264.523712    
   264.590851    
   265.162537    
   265.298401    
   265.529205    
   265.510803    
   265.783142    
   265.828613    
   266.160889    
   266.936646    
   267.331757    
   267.584473    
   268.881195    
   269.353363    
   269.922546    
   270.126160    
   270.222534    
   270.341949    
   269.812286    
   269.909515    
   269.780823    
   269.310425    
   269.043030    
   268.783447    
   268.068207    
   268.003876    
   268.784821    
   267.881012    
   267.703888    
   267.679260    
   267.821350    
   267.626282    
   267.316284    
   266.670746    
   266.437103    
   266.411987    
   267.595123    
   267.691101    
   268.422974    
   268.596069    
   268.395996    
   268.163940    
   267.087769    
   266.866608    
   266.477844    
   265.730072    
   265.619995    
   265.479065    
   264.929321    
   265.036163    
   265.494965    
   265.610504    
   265.609283    
   265.603607    
   265.711578    
   265.842316    
   265.880829    
   266.080505    
   266.199677    
   266.326782    
   267.353790    
   267.610077    
   268.294250    
   268.468140    
   268.497711    
   268.428680    
   268.247955    
   268.311249    
   268.300354    
   268.390533    
   268.372650    
   268.430176    
   268.458160    
   268.501953    
   268.521729    
   268.656586    
   268.654663    
   268.765930    
   268.714233    
   268.804016    
   268.928680    
   269.103027    
   268.852448    
   268.855774    
   269.695984    
   269.954987    
   270.953308    
   270.289246    
   270.235352    
   270.579468    
   270.374725    
   270.344879    
   270.319916    
   270.149933    
   270.209106    
   269.775909    
   269.876892    
   269.899658    
   270.063690    
   269.962524    
   269.775421    
   269.743896    
   269.772980    
   269.736481    
   269.620178    
   269.708405    
   269.678406    
   269.722443    
   270.374359    
   270.514771    
   270.967010    
   270.976959    
   270.811401    
   270.741516    
   270.527649    
   270.426941    
   270.465576    
   270.302032    
   270.309204    
   270.266510    
   270.364471    
   270.253448    
   270.248138    
   270.258392    
   270.351898    
   270.437714    
   270.762299    
   270.967865    
   271.080841    
   271.451813    
   271.571594    
   271.482361    
   272.378174    
   272.489136    
   272.709564    
   272.780182    
   272.793243    
   272.767120    
   272.487122    
   272.589783    
   272.744781    
   272.787781    
   272.896301    
   273.001862    
   272.962463    
   272.986603    
   272.959686    
   272.588745    
   272.525879    
   272.344208    
   272.245819    
   272.031097    
   271.876526    
   271.683350    
   271.519989    
   271.395477    
   272.409027    
   272.766418    
   273.342224    
   273.223907    
   273.132690    
   273.031128    
   272.202393    
   272.226624    
   272.118683    
   271.595825    
   271.466095    
   271.395294    
   271.088440    
   270.987305    
   270.429291    
   270.297821    
   270.340912    
   270.475433    
   270.195343    
   270.061646    
   269.889679    
   269.471893    
   269.342621    
   269.244659    
   270.237335    
   270.498383    
   270.953613    
   271.037720    
   271.122925    
   271.196747    
   270.408752    
   270.317596    
   270.322906    
   269.696564    
   269.249115    
   268.894073    
   268.239136    
   268.477997    
   267.667053    
   267.613617    
   267.447021    
   267.369690    
   266.665100    
   266.787140    
   266.631744    
   266.511719    
   266.304535    
   266.344238    
   268.631805    
   268.927307    
   270.277039    
   270.674713    
   270.737122    
   270.796783    
   269.513733    
   269.486023    
   269.334351    
   268.849731    
   268.623016    
   268.525085    
   268.047272    
   268.204468    
   267.817719    
   267.709412    
   267.677887    
   267.523529    
   267.163025    
   267.037628    
   266.906189    
   266.712677    
   266.577087    
   266.362061    
   267.840088    
   268.151581    
   269.463531    
   269.877808    
   269.941254    
   269.747192    
   268.370941    
   268.206421    
   267.983856    
   266.794434    
   266.271271    
   265.990082    
   264.597015    
   263.739136    
   263.876953    
   264.329651    
   264.511963    
   264.803009    
   264.575104    
   265.310944    
   266.181671    
   266.664551    
   266.922089    
   266.826202    
   268.035950    
   268.095520    
   268.525421    
   268.754120    
   268.474243    
   267.815857    
   265.425293    
   265.813507    
   265.767365    
   264.504791    
   264.167450    
   264.053192    
   263.301453    
   263.011597    
   262.546906    
   262.293152    
   262.336639    
   262.447845    
   263.019623    
   263.210571    
   263.365692    
   264.037689    
   264.207550    
   264.073486    
   266.055237    
   266.587494    
   267.903839    
   268.091095    
   268.362183    
   268.590729    
   268.430817    
   268.319885    
   268.406708    
   268.674866    
   269.153442    
   269.261261    
   270.019470    
   270.200012    
   269.668335    
   269.608704    
   269.823669    
   269.670868    
   270.406097    
   270.635468    
   270.739258    
   271.515869    
   271.725403    
   271.828888    
   272.871765    
   272.961731    
   273.753265    
   273.861298    
   273.955994    
   273.885284    
   273.509460    
   273.473938    
   273.298370    
   273.306458    
   273.271942    
   273.225800    
   273.448730    
   273.594452    
   273.934814    
   274.015533    
   274.074402    
   274.267029    
   274.475067    
   274.500061    
   274.522644    
   274.418335    
   274.322906    
   274.102478    
   274.455811    
   274.612549    
   275.208679    
   275.315521    
   275.251617    
   275.043030    
   274.206818    
   273.887756    
   273.625122    
   273.291687    
   273.317291    
   273.098846    
   272.701447    
   272.618439    
   272.989502    
   272.887329    
   272.897308    
   272.912781    
   272.566681    
   272.536438    
   272.350677    
   272.087463    
   272.026489    
   271.964020    
   273.263306    
   273.408875    
   273.837006    
   273.980743    
   274.192627    
   273.824219    
   272.859222    
   272.998901    
   273.031494    
   272.876282    
   272.983398    
   273.138489    
   273.115692    
   273.199066    
   273.312134    
   273.380676    
   273.401154    
   273.302246    
   273.265289    
   273.033966    
   272.887634    
   272.997070    
   272.800720    
   272.676147    
   273.665619    
   273.941833    
   274.997406    
   275.397705    
   275.791199    
   275.829559    
   275.156097    
   275.015289    
   275.051361    
   274.738220    
   274.549805    
   274.380615    
   274.193604    
   274.271790    
   274.013123    
   274.152618    
   274.346375    
   274.324585    
   274.101868    
   274.033081    
   274.034637    
   273.847748    
   273.808685    
   273.636993    
   274.553680    
   274.776154    
   275.362274    
   275.281342    
   275.395996    
   275.148102    
   274.364197    
   273.915894    
   273.894257    
   273.982330    
   274.109070    
   274.130798    
   274.005493    
   273.700348    
   273.252716    
   273.081024    
   273.128876    
   273.237549    
   273.189728    
   273.374908    
   273.410339    
   273.245514    
   273.274475    
   273.244324    
   273.814240    
   273.831085    
   273.679321    
   273.541901    
   273.446167    
   273.362427    
   271.965607    
   271.837524    
   271.531006    
   269.642059    
   269.260101    
   269.176910    
   269.492065    
   269.629242    
   270.650757    
   270.727844    
   270.986115    
   271.153015    
   272.280518    
   272.621704    
   272.693451    
   273.298492    
   273.293854    
   273.307892    
   274.218750    
   274.429047    
   274.962280    
   275.189819    
   275.052124    
   274.850708    
   273.771820    
   273.444214    
   273.224060    
   272.678436    
   272.595154    
   272.282898    
   271.704102    
   271.656677    
   271.340210    
   271.264374    
   271.147339    
   271.050873    
   270.462311    
   270.365814    
   270.398346    
   270.317017    
   270.209503    
   270.188690    
   271.902222    
   272.245422    
   273.911743    
   274.237244    
   274.406433    
   274.343384    
   273.299347    
   273.219788    
   273.096771    
   272.251678    
   271.943604    
   271.868591    
   271.391418    
   271.434723    
   270.993378    
   270.851593    
   270.839447    
   270.840759    
   270.201080    
   270.018707    
   270.046692    
   269.845367    
   269.857391    
   269.928162    
   272.720215    
   273.121002    
   275.391602    
   275.721619    
   275.799622    
   275.800568    
   273.836060    
   273.462006    
   273.091431    
   271.419342    
   271.094635    
   271.101288    
   270.231049    
   270.019745    
   269.397583    
   269.278107    
   269.174286    
   269.181458    
   268.634766    
   268.455231    
   268.428955    
   268.419464    
   268.604980    
   268.978821    
   272.288208    
   272.875336    
   274.287079    
   274.444336    
   274.297272    
   274.182465    
   273.238495    
   273.175171    
   273.085663    
   272.324646    
   272.189453    
   271.974762    
   271.721588    
   271.811523    
   272.691986    
   272.767609    
   272.854279    
   272.962921    
   273.328217    
   273.485565    
   273.551575    
   274.020294    
   274.057922    
   274.034821    
   275.183289    
   275.420624    
   276.082672    
   276.180206    
   276.112061    
   275.981689    
   275.814148    
   275.776978    
   275.795502    
   275.904205    
   275.856995    
   275.678375    
   275.479889    
   275.644714    
   275.495789    
   275.350098    
   275.591370    
   275.824036    
   275.699097    
   275.677307    
   275.862946    
   275.911530    
   276.113464    
   276.072968    
   276.454651    
   276.665161    
   276.445770    
   276.363068    
   276.069305    
   276.071045    
   275.430145    
   275.236755    
   274.922974    
   274.316193    
   274.299164    
   274.505768    
   274.050140    
   274.061920    
   273.360748    
   273.221863    
   273.122589    
   273.499146    
   273.667847    
   273.773254    
   273.877563    
   274.178680    
   274.090302    
   274.171051    
   275.715820    
   276.008179    
   275.565430    
   275.075073    
   274.738617    
   274.694794    
   274.817719    
   274.937103    
   275.247040    
   275.423279    
   275.337982    
   275.417664    
   275.432404    
   275.337891    
   275.295044    
   275.129089    
   275.165466    
   275.317627    
   275.224304    
   275.199005    
   275.112518    
   274.837311    
   274.903412    
   275.172241    
   275.593323    
   275.560974    
   275.627136    
   275.588074    
   275.483154    
   275.632202    
   275.010132    
   274.697937    
   274.508270    
   273.850372    
   273.883392    
   274.038605    
   274.067169    
   274.125702    
   274.127167    
   273.907867    
   273.761047    
   273.589813    
   273.290192    
   273.136871    
   273.126709    
   273.157654    
   273.221252    
   273.186798    
   274.721283    
   274.974854    
   275.903870    
   276.035400    
   276.065552    
   276.148712    
   275.454529    
   275.271667    
   275.029480    
   274.481781    
   274.424469    
   274.564514    
   274.905670    
   274.918671    
   275.053802    
   275.092163    
   275.212341    
   275.130829    
   275.317780    
   275.484375    
   275.889526    
   275.630035    
   275.373657    
   275.452423    
   276.663086    
   276.795593    
   277.867065    
   277.936340    
   278.039337    
   278.039612    
   277.105408    
   276.999420    
   276.920593    
   276.048737    
   276.030304    
   276.086395    
   275.932343    
   275.894409    
   275.573761    
   275.603729    
   275.464661    
   275.312622    
   275.168152    
   275.237030    
   275.147400    
   274.819153    
   274.868896    
   274.869934    
   275.242126    
   275.366516    
   275.201782    
   275.193024    
   275.207703    
   275.138885    
   274.651123    
   274.852386    
   274.822113    
   274.354065    
   274.240906    
   274.236969    
   273.833099    
   273.792877    
   273.162720    
   273.174316    
   273.326569    
   273.481049    
   273.282257    
   273.376312    
   273.328003    
   273.317749    
   273.161743    
   272.904236    
   274.361755    
   274.490143    
   275.183960    
   275.012421    
   275.005676    
   275.239441    
   274.538666    
   274.204498    
   273.872345    
   272.001526    
   271.553711    
   271.225464    
   270.837067    
   270.768127    
   269.623291    
   269.517578    
   269.264282    
   269.106506    
   268.617706    
   268.793274    
   269.066284    
   270.554108    
   271.134369    
   271.529816    
   275.392609    
   275.916260    
   277.115601    
   277.193817    
   277.082581    
   276.964813    
   275.426300    
   274.916046    
   274.564362    
   273.092438    
   272.762878    
   272.414215    
   271.549896    
   271.099548    
   271.142426    
   271.030243    
   271.141907    
   271.484406    
   271.963013    
   272.017365    
   272.232025    
   272.700775    
   272.592529    
   273.097137    
   275.026001    
   275.277374    
   276.529663    
   276.746613    
   276.808228    
   276.764862    
   276.623840    
   276.692352    
   276.457397    
   275.387054    
   274.877289    
   274.797119    
   274.473816    
   274.568176    
   274.327576    
   274.051880    
   274.053131    
   274.082031    
   273.417542    
   273.165070    
   272.913666    
   272.187439    
   271.626312    
   271.432465    
   272.319672    
   272.655731    
   273.464630    
   273.635742    
   273.579407    
   273.525970    
   272.762756    
   272.617004    
   272.588501    
   271.408783    
   271.196289    
   271.178772    
   269.811493    
   269.614868    
   268.194580    
   268.104187    
   268.095978    
   268.184021    
   267.566681    
   267.159515    
   267.293579    
   268.121063    
   268.427948    
   268.694031    
   272.191101    
   272.734589    
   274.066650    
   274.193909    
   274.375397    
   274.497864    
   273.915894    
   273.605682    
   273.434937    
   271.124451    
   270.800018    
   270.177856    
   266.894409    
   265.904480    
   264.956329    
   264.910278    
   264.383881    
   264.181152    
   262.559845    
   262.507172    
   262.836761    
   264.562103    
   265.965027    
   267.105377    
   272.368561    
   274.432495    
   277.571930    
   277.901672    
   278.033417    
   277.967316    
   277.481720    
   276.644684    
   274.587311    
   270.381104    
   269.158905    
   268.862152    
   267.155884    
   266.564636    
   265.091400    
   265.209625    
   265.202484    
   265.078033    
   264.177032    
   264.058624    
   264.195160    
   266.324280    
   268.066742    
   269.096588    
   274.740204    
   276.804535    
   279.037964    
   279.588898    
   279.574677    
   279.561707    
   276.837799    
   275.432556    
   274.927612    
   272.414185    
   272.220337    
   271.676117    
   270.516144    
   270.543030    
   269.701538    
   269.165527    
   268.767975    
   268.385284    
   267.477356    
   267.146881    
   266.993622    
   268.256165    
   269.077576    
   269.999969    
   274.749390    
   275.853607    
   278.052643    
   278.589203    
   278.600647    
   278.528290    
   276.222961    
   274.856384    
   274.388824    
   271.486298    
   270.827454    
   270.108978    
   268.342743    
   267.654755    
   267.983826    
   268.530334    
   268.354706    
   268.241272    
   268.245667    
   268.181366    
   267.928497    
   267.984253    
   268.285248    
   268.608032    
   270.376160    
   270.672943    
   271.685974    
   271.830719    
   271.985077    
   271.929901    
   271.790894    
   272.007690    
   272.229980    
   272.006470    
   272.234497    
   272.422577    
   272.362457    
   272.436646    
   272.742615    
   272.765839    
   272.833679    
   272.792175    
   272.761414    
   272.726837    
   272.661865    
   272.440186    
   272.364868    
   272.260193    
   273.013062    
   272.972748    
   273.273163    
   273.338715    
   273.417542    
   273.471558    
   272.984009    
   272.682861    
   272.668274    
   271.362946    
   271.005493    
   270.850189    
   269.381348    
   268.929260    
   267.895630    
   267.840881    
   267.868927    
   267.807922    
   266.540100    
   266.237244    
   266.301819    
   267.510590    
   267.867218    
   268.586792    
   272.392334    
   272.767883    
   274.093353    
   274.263580    
   274.404114    
   274.442749    
   273.775208    
   273.338806    
   273.057068    
   272.221283    
   272.175842    
   272.161774    
   272.318329    
   272.464233    
   272.578217    
   272.561951    
   272.395691    
   272.291870    
   272.238525    
   272.100098    
   272.052338    
   272.464508    
   272.690491    
   272.513855    
   273.767700    
   273.987091    
   274.751495    
   274.842773    
   274.874786    
   274.932709    
   274.370117    
   273.359070    
   272.960114    
   272.280090    
   272.724915    
   272.629913    
   271.723358    
   271.686981    
   271.025238    
   270.760651    
   270.533905    
   270.264526    
   269.152740    
   269.154907    
   269.149506    
   269.289093    
   269.447296    
   269.167633    
   270.096527    
   269.826050    
   269.914886    
   269.782288    
   269.804413    
   269.924133    
   269.267517    
   269.265930    
   269.341583    
   268.163452    
   267.954163    
   267.754364    
   266.235321    
   266.185455    
   265.455780    
   265.488342    
   265.358154    
   265.237396    
   263.931702    
   263.539307    
   263.225250    
   263.388062    
   263.207214    
   263.266907    
   266.340302    
   266.736633    
   268.064941    
   268.347229    
   268.394897    
   268.438477    
   267.447266    
   267.249878    
   266.836456    
   264.790924    
   264.381256    
   264.208710    
   262.272583    
   262.048309    
   260.544037    
   260.289825    
   260.132446    
   260.021454    
   258.866211    
   258.671112    
   258.587219    
   260.405426    
   260.937836    
   261.352264    
   265.655426    
   266.168823    
   268.337189    
   268.679932    
   268.895264    
   269.057007    
   268.861786    
   268.996735    
   268.623505    
   266.372986    
   265.828217    
   265.801270    
   264.724121    
   264.618134    
   262.833313    
   262.658447    
   262.250061    
   262.097351    
   260.982758    
   260.516602    
   260.289795    
   262.977142    
   264.664886    
   265.661194    
   270.719086    
   271.541321    
   273.636414    
   274.027649    
   274.296906    
   274.343353    
   273.380096    
   272.910980    
   272.642120    
   269.759460    
   269.064362    
   268.389648    
   267.559906    
   267.545929    
   266.538086    
   266.276672    
   266.764130    
   267.095856    
   267.360748    
   267.830139    
   268.269836    
   269.621887    
   269.706726    
   269.875885    
   271.725494    
   271.828430    
   272.661835    
   272.554626    
   272.513733    
   272.384338    
   272.262634    
   272.496399    
   272.591583    
   272.022125    
   271.838806    
   271.731445    
   271.090393    
   271.003387    
   269.830414    
   269.622894    
   269.793671    
   270.309143    
   269.910583    
   270.023834    
   270.029449    
   271.004242    
   270.990845    
   271.185333    
   273.520447    
   273.747314    
   274.879486    
   275.121765    
   275.286865    
   275.421692    
   275.126740    
   275.045593    
   274.974487    
   274.688660    
   274.850342    
   274.834900    
   274.946869    
   274.911621    
   275.118500    
   275.067413    
   275.014496    
   274.945831    
   274.977661    
   275.052643    
   275.111633    
   275.481659    
   275.524933    
   275.379669    
   276.751282    
   276.680359    
   277.948517    
   277.804077    
   277.842590    
   278.040253    
   277.564545    
   277.329865    
   276.901123    
   274.674744    
   273.962067    
   273.718170    
   272.182709    
   272.071411    
   270.910370    
   270.388000    
   269.865814    
   269.499298    
   268.016052    
   267.669922    
   267.587036    
   269.111023    
   269.819763    
   270.199524    
   272.883270    
   273.397552    
   274.613525    
   274.816589    
   274.993744    
   275.064850    
   274.555054    
   274.683502    
   274.319214    
   271.392731    
   270.973022    
   270.885193    
   268.875671    
   268.504639    
   265.321442    
   264.478851    
   264.409180    
   264.142761    
   262.957428    
   262.609253    
   263.023651    
   266.964661    
   268.123962    
   268.527527    
   271.647614    
   271.893524    
   273.193970    
   273.367462    
   273.331238    
   273.252869    
   272.610718    
   272.796173    
   272.972443    
   270.608643    
   270.190552    
   270.006836    
   268.020935    
   267.464813    
   265.732513    
   265.283936    
   265.050873    
   264.876312    
   263.510040    
   263.064911    
   262.880646    
   266.052917    
   266.810272    
   267.071045    
   271.118378    
   271.543762    
   273.302551    
   273.629852    
   273.805115    
   273.894958    
   273.624359    
   273.167389    
   271.843170    
   268.841034    
   267.944641    
   267.241638    
   265.918579    
   266.761780    
   263.954895    
   262.994568    
   262.589050    
   262.676208    
   262.358765    
   262.533112    
   262.985382    
   267.043732    
   268.349426    
   269.112183    
   274.684265    
   275.402130    
   277.741943    
   278.062256    
   278.274506    
   278.409393    
   278.092529    
   278.464508    
   277.425232    
   274.263916    
   273.638794    
   273.358795    
   271.097626    
   270.661072    
   268.480560    
   267.949829    
   267.689209    
   267.578491    
   266.549927    
   266.114197    
   266.070129    
   270.575531    
   272.035858    
   272.751434    
   277.808350    
   278.632996    
   280.842590    
   281.154999    
   281.232666    
   281.300079    
   280.501801    
   279.410278    
   277.674957    
   275.594910    
   274.926117    
   274.414429    
   272.516693    
   271.787323    
   270.506439    
   270.420044    
   270.342255    
   270.230835    
   269.819061    
   269.780945    
   269.670563    
   272.994385    
   273.952209    
   274.697632    
   279.290436    
   280.042908    
   282.114471    
   282.529572    
   282.595581    
   282.504883    
   281.637634    
   281.406250    
   280.889893    
   278.719940    
   278.161407    
   278.174164    
   277.260223    
   277.070374    
   276.100586    
   275.819519    
   275.523438    
   275.391327    
   274.402863    
   273.948914    
   273.917389    
   276.058441    
   276.796326    
   277.098755    
   280.958435    
   281.493256    
   283.676697    
   283.973480    
   284.047913    
   284.095947    
   283.521881    
   282.682800    
   279.992981    
   279.138977    
   278.904907    
   277.061615    
   274.711761    
   274.131226    
   272.082275    
   272.085510    
   272.315155    
   272.503937    
   271.853973    
   271.754120    
   271.924438    
   275.933380    
   277.115021    
   277.895050    
   282.057495    
   283.349091    
   284.908447    
   285.181732    
   285.225861    
   285.142548    
   284.198547    
   282.359955    
   280.095642    
   278.726135    
   278.471344    
   277.869141    
   275.664032    
   275.132874    
   273.435913    
   273.199982    
   273.088837    
   273.178802    
   271.998108    
   271.774445    
   271.728821    
   274.828918    
   276.557983    
   277.187744    
   281.835632    
   282.441132    
   283.656616    
   283.890533    
   283.938354    
   284.165222    
   284.214294    
   280.348907    
   276.563293    
   275.917419    
   275.399231    
   274.692566    
   272.496124    
   272.274933    
   272.338440    
   272.781464    
   272.753815    
   272.594116    
   271.567993    
   271.370850    
   271.584625    
   275.119995    
   276.529053    
   277.027496    
   281.565247    
   282.551575    
   283.840179    
   283.822815    
   283.726654    
   285.220978    
   285.842224    
   283.079346    
   278.796661    
   276.851379    
   275.964294    
   275.355072    
   273.606415    
   273.122711    
   271.817566    
   271.414948    
   272.027130    
   271.788666    
   270.639191    
   270.451294    
   271.146454    
   274.938568    
   275.811157    
   276.295837    
   280.054718    
   280.374664    
   282.733368    
   283.208710    
   283.454956    
   283.254059    
   282.277832    
   281.634949    
   281.191833    
   279.417175    
   278.868469    
   278.647522    
   278.385590    
   278.218262    
   277.892700    
   277.695496    
   277.555634    
   277.481903    
   277.344940    
   277.646881    
   277.748718    
   278.353607    
   278.513428    
   278.679901    
   278.994690    
   278.912506    
   278.250580    
   278.219482    
   277.950745    
   278.107666    
   277.452820    
   277.054688    
   276.636658    
   275.284363    
   275.011810    
   274.907837    
   274.042908    
   273.790924    
   272.418518    
   272.302490    
   272.339355    
   272.306091    
   271.300415    
   271.126617    
   270.890289    
   270.304962    
   270.340302    
   270.408905    
   270.634979    
   270.659180    
   271.058044    
   271.081116    
   270.954407    
   271.125610    
   271.000275    
   271.092834    
   270.915192    
   270.175598    
   270.033600    
   269.960938    
   269.162781    
   269.094574    
   268.394257    
   268.325226    
   268.198914    
   268.038849    
   267.387726    
   267.318146    
   267.439087    
   269.066650    
   269.394348    
   269.417084    
   270.069885    
   269.892639    
   270.698212    
   270.548615    
   270.347656    
   270.264099    
   272.383484    
   273.932251    
   274.852264    
   276.109406    
   276.379395    
   276.458221    
   275.513611    
   275.105652    
   274.410400    
   274.106537    
   274.047394    
   274.460358    
   274.490540    
   274.673889    
   274.710938    
   275.585449    
   276.064026    
   276.177795    
   276.927460    
   276.711365    
   277.556824    
   276.182220    
   275.749390    
   275.484131    
   273.798828    
   273.627655    
   273.832397    
   272.427246    
   273.122375    
   271.422577    
   271.373230    
   271.858124    
   269.526825    
   269.650421    
   269.334137    
   269.289246    
   268.023132    
   267.525909    
   267.254913    
   269.359100    
   270.019928    
   270.434631    
   272.277222    
   272.643555    
   274.065521    
   274.344330    
   274.675171    
   274.817505    
   274.405731    
   274.299469    
   275.504425    
   272.883270    
   272.546753    
   271.733521    
   268.442505    
   268.674225    
   268.830902    
   269.908722    
   270.072052    
   269.651093    
   268.159424    
   267.742279    
   268.316162    
   272.473480    
   273.620880    
   273.483154    
   275.136597    
   275.159576    
   275.117828    
   275.168518    
   275.206757    
   275.042542    
   274.730682    
   274.948364    
   274.985352    
   274.325745    
   274.299042    
   274.337097    
   274.053345    
   274.058502    
   273.755737    
   273.863922    
   274.052216    
   274.170074    
   273.983521    
   273.981201    
   273.756500    
   274.454803    
   274.064270    
   273.838776    
   275.189453    
   275.497101    
   276.405334    
   276.915955    
   277.172058    
   277.088287    
   276.654999    
   276.518555    
   276.380737    
   275.223175    
   275.057404    
   274.962524    
   274.359070    
   274.353485    
   274.082306    
   274.004944    
   273.882019    
   273.769409    
   273.576508    
   273.477386    
   273.309387    
   273.377045    
   273.081573    
   273.113312    
   274.342194    
   274.553192    
   274.059235    
   273.784363    
   274.199493    
   273.998718    
   273.468262    
   273.469574    
   273.694885    
   273.594086    
   273.314697    
   273.360077    
   273.011505    
   272.985413    
   272.755676    
   272.710876    
   272.670288    
   272.598541    
   272.085754    
   272.056885    
   272.162659    
   272.482574    
   272.453461    
   272.546570    
   273.525482    
   273.670532    
   274.832550    
   275.211426    
   275.414642    
   275.600983    
   275.737305    
   275.714874    
   275.535553    
   273.230377    
   273.034363    
   272.892944    
   271.321167    
   270.891815    
   269.835297    
   269.426483    
   269.111420    
   268.985382    
   267.659485    
   267.512665    
   267.579468    
   270.884735    
   271.722229    
   272.229065    
   276.019470    
   276.598175    
   277.662781    
   277.908295    
   278.238831    
   278.447021    
   278.087860    
   277.758148    
   277.824371    
   274.976715    
   274.527588    
   274.238922    
   273.165649    
   272.784576    
   272.192413    
   271.868073    
   271.578766    
   271.426544    
   271.436584    
   271.159698    
   271.126343    
   273.749176    
   274.414368    
   275.094635    
   277.636292    
   277.946899    
   278.016693    
   277.865173    
   277.795471    
   277.694061    
   277.040710    
   276.730225    
   276.557526    
   275.338013    
   275.080536    
   275.060455    
   274.963654    
   275.022400    
   274.909363    
   274.891602    
   274.866028    
   275.076202    
   274.674042    
   274.394440    
   274.078766    
   274.260620    
   274.248657    
   274.469330    
   276.471252    
   276.878235    
   277.937897    
   278.131439    
   278.188263    
   278.380157    
   277.468018    
   277.066101    
   276.558075    
   273.829102    
   273.571289    
   273.084198    
   271.723328    
   271.224579    
   271.161743    
   271.180328    
   271.740448    
   272.028625    
   272.167603    
   272.559875    
   272.820740    
   274.613708    
   274.268005    
   273.804169    
   275.591797    
   276.305054    
   278.387878    
   279.098358    
   279.570618    
   279.807922    
   281.005402    
   280.961365    
   280.661469    
   279.836670    
   280.056549    
   280.145477    
   279.794159    
   280.136414    
   279.303558    
   279.203491    
   279.312714    
   279.620667    
   279.670074    
   279.826782    
   280.047791    
   281.951538    
   282.678711    
   283.343292    
   285.857971    
   286.238556    
   287.165894    
   287.397980    
   287.447449    
   287.430939    
   286.734924    
   286.425720    
   286.338501    
   284.487488    
   284.215698    
   284.079315    
   282.695374    
   282.303284    
   281.209076    
   281.116302    
   280.501404    
   280.149536    
   279.274902    
   279.109802    
   279.179688    
   279.696014    
   279.530273    
   279.412140    
   280.885193    
   281.215851    
   283.077545    
   283.287292    
   283.676147    
   284.130127    
   283.804749    
   283.761658    
   283.741943    
   282.093445    
   281.656525    
   281.209198    
   280.854309    
   280.835114    
   280.913605    
   281.056122    
   280.884674    
   280.718628    
   280.376312    
   280.424438    
   280.573120    
   280.838898    
   281.029358    
   280.867096    
   281.207794    
   279.758820    
   280.037415    
   281.022552    
   281.488373    
   281.737183    
   281.486450    
   281.464417    
   281.268768    
   279.297638    
   279.398987    
   279.442535    
   278.544830    
   278.513733    
   278.403595    
   278.348145    
   278.293976    
   278.173767    
   277.735046    
   277.420197    
   276.523010    
   276.722870    
   276.439545    
   276.030731    
   276.628174    
   276.396271    
   277.190979    
   277.292389    
   277.387604    
   277.201721    
   276.858307    
   276.828339    
   277.082153    
   275.905579    
   275.982544    
   276.111511    
   275.714813    
   275.697388    
   275.878540    
   275.868347    
   275.893524    
   275.901154    
   276.079407    
   276.013367    
   276.097015    
   277.150055    
   277.176849    
   277.161560    
   279.530579    
   280.022369    
   283.153534    
   284.671265    
   285.577118    
   285.477936    
   283.948212    
   283.033813    
   281.964447    
   279.941528    
   279.492493    
   279.356995    
   278.469604    
   278.357391    
   277.758698    
   277.592285    
   277.491180    
   277.342529    
   276.887177    
   276.781677    
   276.631531    
   277.117554    
   276.980865    
   277.388519    
   278.404938    
   278.329224    
   278.933746    
   278.495667    
   278.319458    
   278.215668    
   278.046814    
   278.494415    
   278.876282    
   277.358826    
   277.444427    
   277.818787    
   276.923950    
   277.033936    
   276.653717    
   276.526306    
   276.151154    
   275.861755    
   275.244476    
   274.852661    
   274.765991    
   277.343170    
   278.222900    
   278.826172    
   281.981964    
   282.536804    
   284.584106    
   284.963623    
   284.973938    
   284.851410    
   284.369141    
   284.025909    
   283.853607    
   280.038696    
   279.349457    
   279.102478    
   277.148712    
   276.940735    
   275.695709    
   275.721191    
   275.743713    
   275.728973    
   275.174713    
   275.029816    
   275.760773    
   280.091614    
   281.036926    
   281.773224    
   284.606750    
   284.885498    
   285.636261    
   285.534241    
   285.190918    
   284.936554    
   284.066528    
   283.689270    
   283.467621    
   281.896759    
   281.477264    
   281.319733    
   280.461731    
   280.482269    
   279.575623    
   279.651733    
   279.843567    
   279.948212    
   279.295715    
   278.990448    
   278.628052    
   278.400299    
   277.935272    
   277.594788    
   276.833893    
   276.289886    
   276.005341    
   275.926910    
   275.844788    
   275.718750    
   275.144623    
   275.361206    
   275.586761    
   274.950806    
   275.125092    
   275.314880    
   274.999268    
   275.095856    
   274.779205    
   274.685150    
   274.514679    
   274.409302    
   273.721069    
   273.501221    
   273.446594    
   274.518066    
   274.652039    
   274.822632    
   276.454315    
   277.025696    
   278.759949    
   279.052582    
   278.998840    
   278.935425    
   278.873016    
   278.899292    
   278.861542    
   277.513702    
   277.463318    
   277.145996    
   275.800568    
   275.274536    
   274.476807    
   274.149475    
   274.019653    
   273.952393    
   273.494080    
   273.558838    
   273.791901    
   277.672516    
   278.331787    
   278.631317    
   280.687927    
   281.052399    
   282.670197    
   282.978424    
   283.220093    
   283.212219    
   283.146454    
   282.711151    
   282.448578    
   280.360657    
   279.702332    
   279.656952    
   278.296173    
   278.167267    
   277.839539    
   277.704437    
   277.586090    
   277.416016    
   277.205231    
   276.977448    
   276.841095    
   279.368134    
   279.752411    
   280.102631    
   282.461334    
   282.848969    
   284.944183    
   285.628265    
   286.051392    
   286.324768    
   285.928070    
   285.890228    
   285.651764    
   282.919830    
   282.629242    
   282.694031    
   281.488556    
   281.062958    
   279.431335    
   279.102325    
   279.054871    
   278.717255    
   278.233612    
   278.117920    
   278.201080    
   280.979889    
   281.542603    
   282.368683    
   285.252594    
   285.908783    
   286.921570    
   287.392609    
   287.571625    
   287.712463    
   287.380493    
   287.027679    
   286.750122    
   285.080811    
   284.850647    
   284.687347    
   283.548309    
   283.377594    
   282.243103    
   282.041718    
   282.034576    
   282.132416    
   281.351532    
   280.697968    
   279.988617    
   280.258881    
   279.695618    
   279.358521    
   279.793488    
   279.396240    
   279.605194    
   279.663330    
   280.047546    
   279.928894    
   280.078461    
   280.419373    
   280.886597    
   280.104980    
   280.253754    
   280.454224    
   279.667633    
   279.697540    
   278.656342    
   278.751953    
   278.553711    
   278.676178    
   279.121216    
   279.451111    
   279.596497    
   281.174744    
   280.734222    
   280.648071    
   281.872406    
   281.833527    
   283.797028    
   284.053192    
   284.219391    
   284.139069    
   284.268372    
   284.063263    
   284.268372    
   282.575806    
   283.075226    
   282.390839    
   280.887726    
   281.569946    
   278.838745    
   278.956635    
   278.603729    
   278.700836    
   279.167297    
   279.137512    
   278.696198    
   282.565155    
   283.252258    
   283.611298    
   285.929840    
   286.156647    
   287.931580    
   288.422821    
   288.686462    
   288.917664    
   288.814514    
   288.502502    
   287.905792    
   283.863403    
   283.076447    
   282.935730    
   281.307922    
   281.045135    
   280.550140    
   280.602356    
   280.408539    
   280.235291    
   280.255066    
   280.754944    
   281.138184    
   283.686737    
   283.948334    
   283.864685    
   285.417816    
   286.450287    
   286.936646    
   286.926056    
   286.125244    
   285.248077    
   284.334167    
   284.108551    
   284.112030    
   283.271973    
   283.345825    
   283.420349    
   283.066254    
   283.072968    
   283.016479    
   283.189789    
   283.309662    
   283.416290    
   283.203400    
   282.765350    
   282.547394    
   284.153961    
   284.524750    
   285.096222    
   287.969208    
   288.531036    
   289.365814    
   289.660248    
   289.609009    
   289.185181    
   287.730225    
   287.169922    
   287.157379    
   285.861084    
   285.830505    
   285.802338    
   284.776978    
   284.747650    
   284.044067    
   284.193634    
   284.210144    
   284.484528    
   283.809601    
   283.367615    
   283.434418    
   285.556671    
   285.642365    
   285.913971    
   287.426636    
   287.449219    
   288.556549    
   289.024750    
   288.981384    
   289.061951    
   288.435333    
   288.153015    
   287.980621    
   285.702454    
   285.336060    
   285.281158    
   284.400421    
   284.522369    
   283.696442    
   283.315857    
   283.058167    
   282.810303    
   281.983795    
   281.459869    
   281.184113    
   282.710846    
   283.010590    
   283.395782    
   284.353149    
   284.548218    
   284.075317    
   283.932495    
   284.162048    
   284.302734    
   282.938782    
   282.644501    
   282.628265    
   280.822937    
   280.431061    
   280.070557    
   278.072418    
   277.788330    
   275.968811    
   275.524780    
   274.963654    
   274.730591    
   273.930786    
   274.334381    
   274.658203    
   277.643982    
   278.098328    
   278.475037    
   280.151245    
   280.224670    
   281.611603    
   282.078766    
   282.136658    
   282.175354    
   281.845520    
   282.030792    
   281.938171    
   279.914825    
   280.101654    
   279.352051    
   277.261780    
   276.374725    
   276.564148    
   276.084076    
   275.280640    
   274.988953    
   274.657837    
   274.574860    
   274.911346    
   278.770844    
   279.337219    
   280.013855    
   282.111450    
   282.416321    
   283.573578    
   283.698425    
   284.012177    
   284.128021    
   283.901489    
   283.853668    
   283.774292    
   281.016602    
   280.382843    
   279.871796    
   277.869751    
   277.336029    
   276.129364    
   275.787598    
   275.484497    
   275.244720    
   274.829498    
   274.753693    
   274.819275    
   277.669586    
   278.066620    
   278.530365    
   279.814026    
   279.889435    
   280.875000    
   280.746460    
   280.770447    
   281.187500    
   281.328644    
   281.121643    
   281.022552    
   277.903778    
   277.663788    
   277.704224    
   275.511810    
   275.376678    
   274.342987    
   273.816101    
   273.647858    
   272.972565    
   273.386810    
   273.822449    
   274.600647    
   281.601593    
   282.592926    
   282.977600    
   284.564056    
   284.858246    
   286.034760    
   286.308990    
   286.203461    
   286.216583    
   285.811768    
   285.529175    
   285.485626    
   283.676575    
   283.461884    
   283.381897    
   281.814392    
   281.690674    
   280.260162    
   280.038574    
   279.865784    
   279.532318    
   279.012878    
   278.893311    
   278.932770    
   283.483734    
   284.287567    
   284.848267    
   286.587524    
   286.945648    
   287.634277    
   287.993866    
   288.010681    
   287.743286    
   287.670074    
   287.578430    
   287.519440    
   284.871185    
   284.155853    
   283.720825    
   282.853973    
   282.718018    
   281.682068    
   281.404724    
   281.105133    
   280.887604    
   280.794525    
   280.972931    
   281.162567    
   285.022217    
   285.786774    
   286.275024    
   288.667755    
   289.240936    
   289.956421    
   290.515778    
   290.797546    
   291.015320    
   290.365936    
   289.904388    
   289.493683    
   287.068085    
   286.774811    
   286.326324    
   283.955200    
   283.097229    
   281.032013    
   280.167114    
   279.772919    
   280.000153    
   279.575714    
   279.884338    
   280.057678    
   281.606171    
   281.877075    
   282.212219    
   281.708588    
   281.530853    
   282.757782    
   282.100067    
   281.780365    
   282.285370    
   281.197784    
   280.765747    
   280.612793    
   278.507721    
   278.089478    
   277.896393    
   276.337891    
   276.258698    
   274.765961    
   274.456818    
   274.338531    
   274.256165    
   274.396057    
   274.492584    
   274.841766    
   278.778351    
   279.310181    
   279.643677    
   281.581085    
   282.033875    
   283.806854    
   284.332336    
   284.317444    
   284.213806    
   284.574463    
   284.659485    
   284.594910    
   280.353088    
   279.692230    
   279.600952    
   277.538818    
   277.846741    
   276.835938    
   276.876007    
   276.887207    
   276.950958    
   277.942657    
   278.044342    
   278.147888    
   283.438049    
   284.103821    
   284.980072    
   287.951965    
   288.130615    
   289.217468    
   289.227905    
   289.408020    
   289.464661    
   289.361053    
   289.320770    
   289.206818    
   285.488708    
   284.777405    
   284.497284    
   282.517670    
   282.006012    
   281.547272    
   281.340179    
   281.155914    
   281.014771    
   281.250885    
   281.350922    
   281.889496    
   286.731171    
   287.691406    
   288.367523    
   290.792755    
   291.294464    
   291.858337    
   291.560394    
   291.427765    
   291.515686    
   291.407074    
   291.270050    
   291.202972    
   288.218811    
   287.513885    
   287.235596    
   285.899292    
   285.736908    
   284.688934    
   284.830719    
   284.908600    
   284.873169    
   284.567047    
   284.353973    
   284.392731    
   287.381348    
   288.133148    
   288.792786    
   290.940643    
   291.176544    
   291.290619    
   291.596710    
   291.978882    
   291.923737    
   288.587708    
   288.118469    
   288.301910    
   285.243835    
   285.051086    
   284.846436    
   283.172455    
   282.710541    
   281.469818    
   281.445618    
   281.298798    
   281.213562    
   280.409515    
   280.190155    
   279.917847    
   280.390076    
   280.749908    
   281.354340    
   282.441254    
   282.369812    
   282.999359    
   282.926025    
   282.750275    
   281.316315    
   281.308746    
   281.324951    
   281.254425    
   279.636658    
   279.456085    
   279.223633    
   277.601044    
   277.400269    
   276.576263    
   276.412415    
   276.293213    
   276.286377    
   276.467651    
   276.689972    
   277.161560    
   280.548431    
   281.275818    
   281.472534    
   282.134674    
   282.612946    
   282.238281    
   282.353363    
   281.596710    
   281.151459    
   282.318848    
   283.496490    
   283.675934    
   283.073883    
   283.223969    
   283.206421    
   282.371155    
   282.223328    
   281.680969    
   281.405701    
   281.080566    
   280.967041    
   280.828430    
   280.821594    
   280.801239    
   283.809784    
   284.326935    
   284.775482    
   287.471863    
   287.948242    
   290.118866    
   290.522278    
   290.650696    
   290.864807    
   290.868683    
   290.558197    
   290.257202    
   287.063568    
   286.060791    
   285.062317    
   281.924255    
   281.224152    
   280.177460    
   280.208923    
   280.259796    
   280.117920    
   281.251312    
   281.894684    
   282.424988    
   286.644592    
   287.216797    
   287.958405    
   291.483582    
   292.278076    
   294.265350    
   294.569550    
   294.612579    
   294.136505    
   292.268463    
   291.465057    
   290.939819    
   287.893036    
   287.575897    
   288.137634    
   286.565125    
   285.783173    
   284.123383    
   283.934784    
   283.802551    
   283.766144    
   283.160736    
   282.981934    
   283.168884    
   284.967682    
   285.590515    
   285.647797    
   287.476318    
   288.252197    
   289.148621    
   289.430786    
   289.618774    
   289.736572    
   289.056580    
   288.728546    
   288.351288    
   286.230164    
   285.586151    
   285.382690    
   284.207489    
   283.780182    
   282.603912    
   282.331940    
   282.314728    
   282.144043    
   282.301422    
   282.479706    
   282.810638    
   286.265778    
   286.908875    
   287.373657    
   288.793823    
   288.918762    
   289.094269    
   289.451630    
   289.391113    
   289.395996    
   289.038696    
   288.819092    
   288.529602    
   285.897247    
   285.395111    
   285.124756    
   283.240295    
   282.884674    
   282.446899    
   282.579285    
   282.544189    
   282.527496    
   282.521606    
   282.630951    
   282.868591    
   285.702484    
   286.367889    
   286.973358    
   288.429596    
   288.506714    
   288.853302    
   289.022583    
   289.119904    
   288.891937    
   288.595551    
   287.294952    
   286.448853    
   284.175842    
   283.887054    
   283.815857    
   282.954010    
   282.922119    
   281.990051    
   282.179077    
   282.138062    
   282.238068    
   282.094208    
   281.963440    
   282.159637    
   284.292603    
   284.583740    
   284.703217    
   285.575745    
   285.698792    
   286.255432    
   286.102966    
   286.196991    
   286.169769    
   285.930939    
   285.050476    
   285.332947    
   283.048004    
   282.574646    
   282.314148    
   281.342224    
   281.178772    
   280.814636    
   280.974884    
   281.215607    
   281.249390    
   281.187134    
   280.737793    
   280.348297    
   281.148743    
   281.175293    
   281.002197    
   281.875854    
   281.866119    
   282.873840    
   283.031708    
   283.160461    
   284.209991    
   284.836243    
   285.082153    
   283.894653    
   282.817963    
   282.858368    
   282.802063    
   282.052094    
   281.858490    
   281.633087    
   281.545532    
   281.480255    
   281.163757    
   281.026642    
   281.274841    
   281.799500    
   284.412018    
   285.060211    
   285.292877    
   287.102539    
   287.278931    
   288.322327    
   288.496429    
   288.623718    
   288.334747    
   287.044891    
   286.721405    
   286.606964    
   284.591553    
   284.306122    
   284.370178    
   283.258118    
   283.026459    
   281.231415    
   280.665619    
   280.463013    
   280.673462    
   281.397125    
   281.496796    
   281.785065    
   284.672852    
   284.563202    
   283.975159    
   286.444366    
   287.056366    
   288.323730    
   288.512238    
   288.676880    
   288.609833    
   287.685547    
   286.152008    
   286.175293    
   283.679352    
   283.647186    
   283.511688    
   281.970917    
   281.452362    
   279.928070    
   279.514648    
   279.307251    
   278.945129    
   279.020294    
   279.459442    
   279.803406    
   282.003265    
   282.266907    
   282.719177    
   284.388153    
   284.745575    
   286.413879    
   286.824738    
   287.010956    
   287.255005    
   287.151703    
   287.114410    
   286.805420    
   283.146057    
   282.314850    
   282.185394    
   279.631104    
   278.967133    
   276.749817    
   276.439575    
   276.161438    
   276.109222    
   277.817352    
   278.463959    
   279.456940    
   284.410431    
   285.542389    
   286.124298    
   287.847809    
   288.214600    
   289.209747    
   289.614319    
   289.572723    
   289.774139    
   289.437927    
   289.282837    
   288.845886    
   286.012268    
   285.529633    
   284.858154    
   282.393768    
   281.844696    
   280.665222    
   280.158417    
   279.736938    
   279.386230    
   279.039337    
   279.275726    
   279.676453    
   282.505524    
   283.155121    
   283.594696    
   285.542236    
   286.009399    
   286.562958    
   286.687531    
   287.047699    
   287.100250    
   286.413666    
   285.900513    
   285.276581    
   282.319397    
   281.686707    
   281.448700    
   278.899628    
   278.419586    
   276.620209    
   276.503784    
   276.384399    
   276.086151    
   276.724121    
   276.873718    
   277.168549    
   281.098541    
   281.849976    
   282.153351    
   284.623352    
   285.280762    
   287.625366    
   288.327026    
   288.480408    
   288.445435    
   288.704315    
   288.705170    
   288.446808    
   285.605774    
   284.696320    
   284.095795    
   281.535248    
   281.409973    
   280.487213    
   280.411621    
   280.075562    
   280.056824    
   280.177826    
   280.210876    
   280.444794    
   283.277893    
   283.617218    
   283.361816    
   283.794159    
   282.894562    
   282.370941    
   281.952942    
   281.810211    
   281.878632    
   281.419678    
   281.555023    
   281.723602    
   280.581757    
   280.590576    
   280.618103    
   279.512421    
   279.404205    
   278.436218    
   278.314056    
   277.589050    
   277.679810    
   278.211853    
   278.501251    
   278.763977    
   281.384338    
   281.842682    
   282.049438    
   284.030640    
   284.382477    
   286.002045    
   286.295013    
   286.313019    
   286.241913    
   286.418091    
   286.320129    
   286.093536    
   284.196289    
   284.022308    
   284.172180    
   282.726654    
   282.449127    
   280.945923    
   280.424255    
   280.208649    
   280.069183    
   280.717743    
   280.958618    
   281.782043    
   286.981567    
   288.177216    
   288.903534    
   292.192719    
   292.906952    
   293.268311    
   293.441315    
   293.320496    
   292.940369    
   291.000763    
   289.975220    
   288.839325    
   286.385254    
   285.937103    
   285.800110    
   285.041290    
   284.883331    
   284.136444    
   283.923065    
   283.860992    
   283.728943    
   283.489716    
   283.325317    
   283.190643    
   283.839966    
   283.925507    
   284.217346    
   285.789001    
   286.291718    
   286.980377    
   286.836609    
   286.639893    
   286.715210    
   286.601715    
   286.849365    
   285.935516    
   284.091370    
   283.467224    
   283.397949    
   282.305908    
   282.178467    
   281.219543    
   280.923218    
   280.635620    
   280.610718    
   280.968536    
   281.493927    
   281.815582    
   283.600525    
   283.622437    
   283.334564    
   284.141754    
   283.649506    
   284.126984    
   284.522797    
   284.409698    
   285.388031    
   285.876587    
   285.920624    
   285.938721    
   283.834564    
   283.467865    
   283.497406    
   281.721619    
   281.184937    
   280.196747    
   280.083191    
   279.883606    
   279.929779    
   280.616577    
   281.105774    
   281.365448    
   284.185516    
   284.798859    
   284.966644    
   286.739838    
   287.050934    
   287.660065    
   288.180420    
   288.157562    
   288.137177    
   288.680542    
   287.005707    
   287.621399    
   285.290039    
   284.493805    
   284.522461    
   281.918579    
   281.614777    
   279.743561    
   279.372314    
   279.440491    
   279.527374    
   281.257568    
   281.724762    
   282.503387    
   288.537598    
   289.578369    
   289.958374    
   291.869324    
   292.339691    
   293.818115    
   294.162720    
   294.248108    
   294.254211    
   293.272034    
   292.986725    
   292.680054    
   290.009521    
   289.598816    
   289.415039    
   288.207214    
   287.939941    
   287.496735    
   287.370880    
   287.211304    
   287.079376    
   287.270264    
   287.039032    
   286.765778    
   288.247711    
   288.143494    
   288.515381    
   289.683777    
   289.793762    
   290.093628    
   290.322174    
   290.055908    
   290.018707    
   289.155029    
   289.236908    
   289.570831    
   288.579590    
   288.745178    
   288.944397    
   288.021759    
   287.820282    
   286.843140    
   286.722900    
   286.401581    
   286.081879    
   286.691589    
   287.155579    
   287.734528    
   290.575958    
   291.162445    
   291.549713    
   293.905518    
   294.551086    
   295.491577    
   295.119019    
   295.074341    
   295.253265    
   295.021973    
   294.803162    
   294.695435    
   292.408752    
   291.947937    
   291.640320    
   289.762177    
   289.324158    
   288.317657    
   288.162140    
   287.995514    
   288.054565    
   288.587891    
   288.679962    
   288.517395    
   290.782349    
   291.386414    
   292.184113    
   295.605072    
   296.540863    
   297.884064    
   298.330353    
   298.500305    
   298.549500    
   298.623810    
   298.658966    
   298.046692    
   294.462311    
   293.440613    
   293.087158    
   291.485748    
   291.336517    
   290.295288    
   289.973663    
   289.666199    
   289.449799    
   289.843903    
   290.240997    
   290.848083    
   292.407562    
   292.302856    
   291.562317    
   291.961487    
   292.357910    
   291.252686    
   291.668793    
   291.719543    
   291.817322    
   291.340210    
   289.041260    
   288.767944    
   288.432648    
   287.504700    
   286.985046    
   284.706146    
   284.411804    
   283.518280    
   283.393860    
   283.239014    
   283.139557    
   284.471954    
   284.822815    
   285.470337    
   288.566345    
   289.563507    
   290.462708    
   292.232666    
   292.546753    
   293.949463    
   294.023956    
   294.281403    
   294.322540    
   294.176178    
   294.003937    
   294.054779    
   290.372437    
   289.557495    
   289.398651    
   286.568146    
   285.637634    
   285.018341    
   284.887207    
   284.942657    
   284.968018    
   285.781464    
   285.993988    
   286.051270    
   287.765167    
   287.488708    
   287.922394    
   289.587677    
   290.271240    
   291.001068    
   291.230286    
   291.559784    
   291.560120    
   291.685577    
   291.821838    
   291.726471    
   289.603607    
   289.365356    
   288.975159    
   286.364197    
   285.741730    
   284.111206    
   283.756866    
   283.673218    
   283.522614    
   285.005951    
   285.542725    
   286.186157    
   290.461945    
   291.230835    
   291.468109    
   293.341461    
   293.469788    
   294.470673    
   294.535034    
   294.499756    
   294.491302    
   293.661011    
   293.209717    
   293.074158    
   290.532288    
   289.904266    
   289.612701    
   286.901794    
   286.353577    
   283.937866    
   283.585236    
   283.477478    
   283.612854    
   284.777344    
   285.256592    
   285.801819    
   289.955658    
   290.756683    
   290.937439    
   292.555511    
   293.013824    
   294.416901    
   294.624573    
   294.722290    
   294.759460    
   294.805450    
   294.625977    
   294.480591    
   290.469727    
   288.873840    
   288.219269    
   284.260651    
   283.289734    
   282.041656    
   281.751984    
   281.939911    
   282.264069    
   284.989166    
   285.562897    
   286.743286    
   292.588989    
   293.240845    
   293.576385    
   295.527649    
   295.842194    
   296.957825    
   297.360413    
   297.599854    
   297.700562    
   298.133423    
   298.047516    
   297.955261    
   292.731842    
   291.414001    
   290.167389    
   285.866943    
   284.840149    
   282.994812    
   282.724731    
   282.452911    
   282.585510    
   286.129517    
   287.053864    
   288.085510    
   294.574768    
   295.577728    
   296.259094    
   298.845886    
   299.317749    
   300.595398    
   300.580139    
   300.682556    
   300.500488    
   300.323883    
   300.084595    
   299.836456    
   295.776093    
   294.968872    
   294.667267    
   292.370667    
   292.191162    
   291.668945    
   291.461304    
   291.468719    
   291.399841    
   292.344604    
   292.049438    
   292.461945    
   296.373566    
   296.454834    
   296.653778    
   298.403625    
   298.736755    
   299.306274    
   299.469269    
   299.628723    
   299.561859    
   300.209198    
   300.041565    
   299.739258    
   296.139191    
   294.999023    
   294.367462    
   290.054932    
   289.503601    
   287.728058    
   287.490723    
   287.423065    
   287.166656    
   289.182526    
   289.985718    
   290.833801    
   295.109436    
   295.796112    
   296.272308    
   297.764526    
   297.936493    
   296.856110    
   297.294922    
   297.126862    
   297.222504    
   297.322021    
   297.833527    
   297.909454    
   294.589325    
   294.390045    
   294.302002    
   291.809937    
   291.358368    
   290.479156    
   290.303772    
   290.243622    
   290.128479    
   290.750061    
   290.381897    
   290.577026    
   293.437958    
   294.150452    
   294.456207    
   296.386414    
   297.004425    
   297.692139    
   297.652832    
   297.700592    
   297.679504    
   297.690643    
   297.752655    
   297.733063    
   294.598022    
   293.846863    
   293.717041    
   290.838409    
   290.295715    
   289.539246    
   289.211182    
   289.087402    
   288.865387    
   289.437775    
   289.583466    
   290.170837    
   293.856720    
   294.565887    
   294.829590    
   296.407349    
   296.138702    
   296.333923    
   296.217499    
   295.740631    
   295.766296    
   295.845978    
   296.144318    
   295.513428    
   293.233765    
   292.372955    
   292.557861    
   290.239288    
   289.543976    
   288.236847    
   287.848755    
   287.812897    
   287.656281    
   288.655396    
   288.885620    
   288.980621    
   294.148743    
   294.635223    
   295.283661    
   297.701538    
   298.179993    
   298.235535    
   298.557617    
   298.478668    
   298.687531    
   297.883148    
   296.578033    
   294.297516    
   291.529633    
   291.633179    
   291.601562    
   289.327759    
   288.506897    
   286.673279    
   286.301453    
   286.142212    
   285.949890    
   285.933319    
   286.190399    
   286.314484    
   288.136047    
   288.323151    
   288.606873    
   289.966949    
   290.066956    
   291.441284    
   291.716980    
   292.195770    
   292.171356    
   292.638947    
   292.635345    
   292.540344    
   290.291016    
   289.842773    
   289.613037    
   287.956177    
   287.499420    
   286.484833    
   286.453430    
   286.389496    
   286.311066    
   286.887939    
   287.097382    
   287.647156    
   291.222595    
   291.918152    
   292.365234    
   293.725037    
   293.794189    
   294.648529    
   294.927704    
   295.180511    
   295.232697    
   295.704254    
   295.810944    
   295.544983    
   292.257202    
   291.189728    
   290.844940    
   287.195343    
   286.776337    
   284.986206    
   284.508118    
   284.383270    
   284.268066    
   286.141602    
   286.770172    
   287.546417    
   292.277893    
   292.834991    
   293.262939    
   294.596069    
   294.522339    
   291.772522    
   291.469818    
   292.170532    
   292.262787    
   292.430450    
   292.045074    
   291.490387    
   289.231232    
   289.117920    
   288.875397    
   286.595886    
   286.312469    
   285.125031    
   284.904572    
   284.531006    
   284.646118    
   285.621094    
   286.188599    
   286.887848    
   290.861969    
   291.462830    
   291.714935    
   293.548126    
   293.718781    
   294.675598    
   294.784210    
   294.487701    
   294.499268    
   294.461945    
   294.600189    
   294.516388    
   291.365753    
   290.652039    
   290.631012    
   288.745270    
   288.435791    
   287.607178    
   287.392029    
   287.276428    
   287.159943    
   287.929321    
   288.205597    
   288.664917    
   291.672394    
   292.372833    
   292.310333    
   294.735413    
   294.348419    
   296.623627    
   296.858063    
   296.522003    
   296.725433    
   296.370911    
   296.741852    
   296.658173    
   294.645447    
   294.204102    
   293.891357    
   292.054352    
   291.643738    
   289.527466    
   288.607208    
   288.182617    
   287.566467    
   287.056732    
   286.771179    
   286.546570    
   287.516968    
   287.431854    
   287.361877    
   289.051819    
   290.303802    
   292.015106    
   292.412689    
   292.760132    
   292.900787    
   293.422272    
   293.739502    
   293.625946    
   290.558075    
   289.467651    
   288.553345    
   286.372070    
   285.889343    
   286.426880    
   287.460846    
   287.098328    
   286.822021    
   287.337128    
   286.691162    
   286.642242    
   288.756775    
   289.247894    
   289.514771    
   290.962891    
   290.920319    
   290.539825    
   290.055542    
   289.754333    
   289.512390    
   289.426819    
   289.522980    
   289.920807    
   288.742523    
   288.429932    
   288.311890    
   287.132904    
   287.066833    
   287.088318    
   286.849854    
   286.828033    
   286.802551    
   286.941742    
   286.920807    
   286.829742    
   287.931824    
   287.856720    
   287.872864    
   289.859802    
   290.387024    
   292.641449    
   292.859650    
   292.822784    
   292.724060    
   293.903198    
   293.991089    
   293.993683    
   292.033081    
   291.420868    
   291.012299    
   288.387115    
   287.749084    
   286.597107    
   286.224976    
   285.944000    
   285.828461    
   286.948944    
   287.285217    
   287.911377    
   292.203247    
   293.023895    
   293.459167    
   295.415009    
   295.863342    
   297.295135    
   297.507904    
   297.683350    
   297.704590    
   298.039734    
   297.941315    
   297.755157    
   294.466888    
   293.391571    
   292.782745    
   288.936127    
   288.356201    
   286.359894    
   285.938934    
   285.385742    
   284.914185    
   287.495117    
   288.300720    
   289.317719    
   294.558746    
   295.065765    
   295.295227    
   297.337219    
   297.795074    
   298.916840    
   299.132019    
   299.277771    
   299.369446    
   299.637207    
   299.519379    
   299.425140    
   296.353058    
   295.683167    
   295.453308    
   291.502197    
   290.514893    
   288.710388    
   288.472168    
   288.302765    
   288.021057    
   290.316589    
   290.786011    
   291.578674    
   296.917511    
   297.666595    
   298.118988    
   299.882324    
   300.184662    
   301.580719    
   302.112366    
   302.651611    
   302.382050    
   302.405731    
   302.167267    
   301.976105    
   298.146057    
   296.792480    
   296.056824    
   291.917175    
   291.523956    
   289.481628    
   289.131836    
   289.040192    
   288.816620    
   291.572479    
   292.556061    
   293.742676    
   299.835419    
   300.804565    
   300.994904    
   303.072052    
   303.551086    
   304.652710    
   304.844238    
   304.892975    
   304.724915    
   304.335846    
   304.293091    
   304.437286    
   299.833344    
   298.191925    
   297.679688    
   294.382080    
   294.103180    
   292.932251    
   292.639557    
   292.464447    
   292.303986    
   294.218933    
   294.803375    
   295.583130    
   301.169800    
   301.369141    
   301.908539    
   304.244934    
   304.494629    
   305.279022    
   305.428101    
   305.549774    
   305.578247    
   305.856781    
   305.171326    
   304.783417    
   301.471985    
   301.032715    
   300.554535    
   296.534119    
   295.718628    
   293.609802    
   293.309937    
   293.118256    
   293.198975    
   294.138519    
   294.675873    
   295.004761    
   297.928253    
   297.783112    
   297.904480    
   299.200378    
   299.548523    
   299.873505    
   299.896759    
   299.944580    
   299.878296    
   299.434509    
   299.056763    
   298.801208    
   295.109894    
   294.170288    
   293.710236    
   289.936432    
   289.196320    
   286.211304    
   285.668304    
   285.395172    
   285.246155    
   287.077881    
   287.681244    
   288.352936    
   292.995819    
   293.264465    
   293.581604    
   295.321442    
   295.774994    
   297.090302    
   297.356201    
   297.549133    
   297.589905    
   298.198151    
   298.227600    
   297.934143    
   294.013397    
   293.396484    
   292.930847    
   288.627777    
   287.271118    
   284.810944    
   284.123260    
   283.893860    
   283.858978    
   286.337952    
   287.217621    
   288.054169    
   294.341187    
   294.654083    
   294.947083    
   296.723541    
   297.036072    
   298.246857    
   298.429321    
   298.580994    
