   275.020081    
   275.188721    
   275.217773    
   275.184998    
   275.050110    
   274.762024    
   274.866669    
   275.215027    
   275.395966    
   275.410309    
   275.149628    
   274.856964    
   274.452148    
   273.914062    
   273.575897    
   273.217621    
   272.895294    
   272.773224    
   272.747681    
   272.237732    
   271.944885    
   271.226257    
   270.899872    
   270.894531    
   270.689880    
   270.374817    
   270.096832    
   269.676910    
   269.241028    
   269.031097    
   269.022003    
   269.026642    
   269.219696    
   269.321533    
   269.364502    
   269.288452    
   268.999054    
   268.611786    
   268.392487    
   268.094879    
   267.631653    
   267.270569    
   267.309143    
   266.875977    
   266.668854    
   266.874359    
   266.820953    
   266.970612    
   266.728210    
   266.721832    
   266.670319    
   266.377197    
   266.376373    
   266.390350    
   266.070709    
   266.338165    
   266.770599    
   267.243042    
   267.278137    
   266.966522    
   266.701355    
   266.583618    
   266.537109    
   266.615814    
   266.573486    
   266.557129    
   266.593567    
   266.621155    
   266.729370    
   266.888855    
   266.857941    
   266.690857    
   266.802063    
   266.696045    
   266.682800    
   266.711487    
   266.650330    
   266.582825    
   266.633942    
   267.118469    
   267.514191    
   267.918152    
   268.105682    
   268.106873    
   267.849457    
   267.565155    
   267.450317    
   267.286530    
   267.315979    
   267.349396    
   266.948669    
   266.833374    
   266.651978    
   266.628265    
   266.575470    
   266.563263    
   266.768829    
   267.164825    
   267.350616    
   267.553345    
   267.719452    
   267.837952    
   267.922180    
   268.304077    
   268.593628    
   268.850128    
   268.979828    
   269.110168    
   269.229523    
   269.421875    
   269.608063    
   269.748383    
   269.922516    
   270.112061    
   270.236176    
   270.385468    
   270.515747    
   270.732422    
   271.016846    
   271.266968    
   271.463165    
   271.629730    
   271.720886    
   271.750061    
   271.730804    
   271.641022    
   271.813416    
   272.074829    
   272.282684    
   272.475372    
   272.637512    
   272.627167    
   272.485504    
   272.355042    
   272.462738    
   272.617767    
   272.763550    
   272.880249    
   272.739319    
   272.632446    
   272.702850    
   272.891754    
   273.032257    
   273.091888    
   273.153870    
   273.081726    
   273.048157    
   273.089996    
   273.108521    
   273.124573    
   273.056915    
   273.039154    
   273.052582    
   273.063599    
   272.866058    
   272.698822    
   272.568848    
   272.432220    
   272.386414    
   272.350830    
   272.271973    
   272.179108    
   272.135193    
   272.010468    
   271.903503    
   271.867493    
   271.789368    
   271.688965    
   271.563721    
   271.423706    
   271.352173    
   271.324127    
   271.261780    
   271.174377    
   271.291809    
   271.576294    
   271.820953    
   272.037384    
   272.133942    
   272.153992    
   272.141113    
   272.067291    
   272.053101    
   272.098450    
   272.151550    
   272.168640    
   272.153687    
   272.165100    
   272.143005    
   272.163696    
   272.127228    
   272.006622    
   271.779877    
   271.530273    
   271.402344    
   271.332275    
   271.301971    
   271.329895    
   271.344452    
   271.453918    
   271.623383    
   271.800507    
   271.900208    
   271.914185    
   271.887115    
   271.827606    
   271.806580    
   271.815857    
   271.847534    
   271.890198    
   271.964478    
   272.035919    
   272.103241    
   272.176025    
   272.241699    
   272.298553    
   272.352875    
   272.412659    
   272.467529    
   272.517639    
   272.581451    
   272.649902    
   272.721313    
   272.807404    
   272.916656    
   273.029541    
   273.113037    
   273.159393    
   273.135315    
   273.123108    
   273.128540    
   273.136261    
   273.159119    
   273.143890    
   273.149689    
   273.148071    
   273.163452    
   273.170074    
   273.184937    
   273.219208    
   273.258423    
   273.226013    
   273.199615    
   273.166504    
   273.108002    
   273.076233    
   273.030762    
   273.053894    
   273.046234    
   273.064667    
   273.048462    
   273.028870    
   272.975281    
   272.880096    
   272.798248    
   272.732727    
   272.686096    
   272.653351    
   272.602478    
   272.526703    
   272.456543    
   272.400696    
   272.338379    
   272.276825    
   272.203033    
   272.115753    
   272.030029    
   271.952179    
   271.860901    
   271.765472    
   271.694977    
   271.694427    
   271.712952    
   271.774628    
   271.788391    
   271.753235    
   271.674835    
   271.559235    
   271.454559    
   271.365265    
   271.256805    
   271.148193    
   271.074951    
   271.032471    
   270.986603    
   270.944885    
   270.902466    
   270.873413    
   270.865997    
   270.788940    
   270.668884    
   270.520630    
   270.299042    
   270.048828    
   269.866669    
   269.779999    
   269.741211    
   269.821045    
   269.903564    
   269.929993    
   269.991486    
   270.153168    
   270.293365    
   270.416962    
   270.609467    
   270.804779    
   270.972412    
   271.162720    
   271.363220    
   271.573853    
   271.809601    
   272.045319    
   272.249237    
   272.507080    
   272.664795    
   272.796143    
   272.978790    
   273.126617    
   273.262726    
   273.406403    
   273.528046    
   273.658478    
   273.759216    
   273.814728    
   273.830017    
   273.767120    
   273.745514    
   273.785126    
   273.785278    
   273.757690    
   273.732361    
   273.712219    
   273.734314    
   273.762115    
   273.751373    
   273.742096    
   273.784180    
   273.804443    
   273.846283    
   273.907532    
   273.951050    
   273.991608    
   274.031036    
   274.099213    
   274.169220    
   274.243927    
   274.272552    
   274.274994    
   274.220917    
   274.169342    
   274.156555    
   274.149933    
   274.142395    
   274.146027    
   274.169342    
   274.181274    
   274.187317    
   274.198914    
   274.200714    
   274.216949    
   274.227936    
   274.212616    
   274.189026    
   274.166809    
   274.165771    
   274.160675    
   274.154755    
   274.195190    
   274.235870    
   274.320251    
   274.350861    
   274.341705    
   274.297974    
   274.169250    
   274.012207    
   273.850037    
   273.687561    
   273.570129    
   273.478394    
   273.342865    
   273.205170    
   273.093445    
   272.954956    
   272.840332    
   272.782318    
   272.778442    
   272.818268    
   272.883423    
   272.982941    
   273.088654    
   273.163818    
   273.288696    
   273.408051    
   273.525543    
   273.627350    
   273.709045    
   273.764984    
   273.829956    
   273.901672    
   273.964447    
   274.042450    
   274.112793    
   274.185699    
   274.259155    
   274.320740    
   274.340027    
   274.341095    
   274.398804    
   274.449951    
   274.469421    
   274.510986    
   274.535400    
   274.509613    
   274.450684    
   274.409729    
   274.378387    
   274.359314    
   274.343353    
   274.337067    
   274.306885    
   274.251312    
   274.156067    
   274.087189    
   274.041260    
   273.980103    
   273.915497    
   273.775299    
   273.566864    
   273.349609    
   273.140564    
   272.845581    
   272.560913    
   272.310516    
   272.037445    
   271.775391    
   271.545410    
   271.305084    
   271.074585    
   270.905121    
   270.898254    
   271.007263    
   271.129150    
   271.209808    
   271.275055    
   271.273254    
   271.159332    
   271.030334    
   270.990021    
   271.061310    
   271.140594    
   271.258301    
   271.415466    
   271.536713    
   271.677917    
   271.806183    
   271.917877    
   272.025024    
   272.148346    
   272.263062    
   272.360535    
   272.468201    
   272.567047    
   272.654755    
   272.762787    
   272.864014    
   272.970062    
   273.051758    
   273.112793    
   273.142395    
   273.145233    
   273.153046    
   273.163574    
   273.179596    
   273.210968    
   273.229187    
   273.245544    
   273.276855    
   273.324860    
   273.376953    
   273.424805    
   273.472717    
   273.511200    
   273.544678    
   273.578705    
   273.588928    
   273.589722    
   273.606873    
   273.633850    
   273.639587    
   273.683716    
   273.714600    
   273.734009    
   273.743011    
   273.729034    
   273.708557    
   273.716949    
   273.742950    
   273.752045    
   273.637207    
   273.521973    
   273.438751    
   273.342133    
   273.298950    
   273.323792    
   273.348114    
   273.379730    
   273.411621    
   273.442657    
   273.449402    
   273.487427    
   273.554779    
   273.654358    
   273.771698    
   273.903809    
   273.984039    
   274.043640    
   274.084045    
   274.084381    
   274.082642    
   274.081299    
   274.085754    
   274.083862    
   274.045898    
   273.987793    
   273.903137    
   273.780090    
   273.681427    
   273.601471    
   273.542267    
   273.484161    
   273.467712    
   273.512573    
   273.586060    
   273.645416    
   273.649078    
   273.659576    
   273.715057    
   273.796906    
   273.855896    
   273.904755    
   273.936096    
   273.903809    
   273.877319    
   273.854248    
   273.809723    
   273.792938    
   273.794037    
   273.774597    
   273.719849    
   273.637543    
   273.551575    
   273.445831    
   273.336700    
   273.270660    
   273.144745    
   273.062500    
   272.942993    
   272.744507    
   272.575714    
   272.552246    
   272.666931    
   272.824982    
   272.967102    
   273.046692    
   273.016907    
   272.880890    
   272.700806    
   272.514404    
   272.339905    
   272.226807    
   272.091217    
   271.970917    
   271.869049    
   271.793701    
   271.747559    
   271.719818    
   271.691650    
   271.649506    
   271.619110    
   271.580963    
   271.493225    
   271.408936    
   271.389038    
   271.428741    
   271.491791    
   271.639832    
   271.749451    
   271.786102    
   271.769653    
   271.664429    
   271.537476    
   271.438263    
   271.372589    
   271.320374    
   271.282959    
   271.274170    
   271.286530    
   271.318512    
   271.365601    
   271.442261    
   271.506866    
   271.543518    
   271.570862    
   271.589172    
   271.634827    
   271.695770    
   271.772400    
   271.897491    
   272.058807    
   272.224182    
   272.340698    
   272.431488    
   272.491943    
   272.507843    
   272.525848    
   272.534241    
   272.517639    
   272.452209    
   272.364777    
   272.301575    
   272.298950    
   272.324921    
   272.279999    
   272.179535    
   272.070465    
   272.021240    
   271.983521    
   271.928101    
   271.842682    
   271.736328    
   271.713623    
   271.778381    
   271.834198    
   271.906769    
   271.991516    
   272.029602    
   271.976990    
   271.849762    
   271.742859    
   271.657227    
   271.566467    
   271.480804    
   271.364227    
   271.237183    
   271.144196    
   271.127502    
   271.146576    
   271.168762    
   271.185486    
   271.212372    
   271.247803    
   271.266113    
   271.282166    
   271.288757    
   271.346191    
   271.475098    
   271.619202    
   271.759857    
   271.895477    
   271.980225    
   272.024841    
   272.039490    
   272.051819    
   272.073486    
   272.107178    
   272.145935    
   272.161407    
   272.172058    
   272.205811    
   272.259735    
   272.326874    
   272.376709    
   272.412537    
   272.421997    
   272.433105    
   272.467255    
   272.514465    
   272.537842    
   272.582581    
   272.688660    
   272.800385    
   272.903046    
   272.929962    
   272.889465    
   272.867157    
   272.894043    
   272.934387    
   272.980133    
   273.023834    
   273.073669    
   273.113037    
   273.133026    
   273.154510    
   273.179108    
   273.189392    
   273.158234    
   273.108826    
   273.072479    
   273.060699    
   273.040161    
   273.019958    
   273.019928    
   273.086853    
   273.162933    
   273.213379    
   273.286102    
   273.340759    
   273.377869    
   273.389771    
   273.385162    
   273.393127    
   273.418640    
   273.442932    
   273.471741    
   273.507812    
   273.540192    
   273.562378    
   273.589600    
   273.620453    
   273.654449    
   273.689697    
   273.745392    
   273.817139    
   273.884338    
   273.958557    
   274.029480    
   274.091217    
   274.187744    
   274.308105    
   274.441437    
   274.554321    
   274.621979    
   274.650177    
   274.631714    
   274.610107    
   274.637054    
   274.687653    
   274.751129    
   274.818848    
   274.873779    
   274.901947    
   274.923279    
   274.929779    
   274.951202    
   274.949005    
   274.930298    
   274.933350    
   274.950470    
   274.956818    
   274.941254    
   274.954712    
   275.018341    
   275.127380    
   275.259338    
   275.321442    
   275.364746    
   275.385803    
   275.330078    
   275.283478    
   275.257050    
   275.213806    
   275.182434    
   275.153168    
   275.120300    
   275.090424    
   275.053345    
   274.999542    
   274.973328    
   274.963867    
   274.940582    
   274.897430    
   274.838928    
   274.782745    
   274.739410    
   274.702667    
   274.703583    
   274.742157    
   274.816559    
   274.850037    
   274.863403    
   274.849609    
   274.781799    
   274.691376    
   274.638245    
   274.565460    
   274.438538    
   274.231842    
   274.046021    
   273.912201    
   273.802612    
   273.688446    
   273.598267    
   273.546509    
   273.468811    
   273.394592    
   273.318420    
   273.209869    
   273.069244    
   273.005981    
   273.064697    
   273.149780    
   273.224426    
   273.296936    
   273.314362    
   273.303986    
   273.231262    
   273.162720    
   273.128571    
   273.084473    
   273.045959    
   273.006165    
   272.972443    
   272.978333    
   272.967957    
   272.977539    
   272.979431    
   272.965729    
   272.948517    
   272.914307    
   272.859985    
   272.803833    
   272.765350    
   272.792328    
   272.856354    
   272.919922    
   272.967316    
   272.975372    
   272.885956    
   272.699463    
   272.414825    
   272.131073    
   271.882385    
   271.601135    
   271.320160    
   271.064056    
   270.836700    
   270.654755    
   270.530090    
   270.458313    
   270.440582    
   270.471832    
   270.513153    
   270.582733    
   270.622437    
   270.643311    
   270.656464    
   270.733765    
   270.882324    
   271.085754    
   271.324402    
   271.525696    
   271.557526    
   271.422516    
   271.120575    
   270.775940    
   270.522034    
   270.340576    
   270.202026    
   270.035004    
   269.820251    
   269.595856    
   269.404205    
   269.271179    
   269.226135    
   269.283661    
   269.403748    
   269.522705    
   269.634033    
   269.742798    
   269.837219    
   269.931122    
   270.101349    
   270.300110    
   270.524994    
   270.722931    
   270.870453    
   270.974060    
   271.019470    
   271.036224    
   271.069519    
   271.100800    
   271.151886    
   271.139679    
   271.088287    
   271.065765    
   271.069183    
   271.066589    
   271.077576    
   271.096558    
   271.167236    
   271.286865    
   271.399841    
   271.551056    
   271.727875    
   271.942871    
   272.202942    
   272.449615    
   272.681091    
   272.866272    
   273.004486    
   273.062042    
   273.042725    
   273.061768    
   273.121948    
   273.196777    
   273.296051    
   273.395813    
   273.502563    
   273.603821    
   273.712372    
   273.814209    
   273.903473    
   273.999451    
   274.098328    
   274.180603    
   274.241577    
   274.277405    
   274.321503    
   274.394348    
   274.501099    
   274.651642    
   274.796906    
   274.894257    
   274.947968    
   274.916229    
   274.837616    
   274.724548    
   274.607727    
   274.537781    
   274.477173    
   274.407318    
   274.393585    
   274.430298    
   274.490082    
   274.547607    
   274.580383    
   274.609619    
   274.633057    
   274.653748    
   274.647919    
   274.623901    
   274.592651    
   274.587189    
   274.692627    
   274.807983    
   274.870850    
   274.883850    
   274.879974    
   274.795044    
   274.629333    
   274.479614    
   274.427307    
   274.438721    
   274.499390    
   274.562592    
   274.575836    
   274.533417    
   274.502441    
   274.525848    
   274.557739    
   274.550293    
   274.538177    
   274.513824    
   274.496063    
   274.509674    
   274.510010    
   274.608337    
   274.772827    
   274.947052    
   275.143646    
   275.311523    
   275.390472    
   275.403870    
   275.292419    
   275.113129    
   275.020508    
   274.946136    
   274.848633    
   274.627045    
   274.348633    
   274.198761    
   274.186218    
   274.282715    
   274.452667    
   274.596680    
   274.687531    
   274.748932    
   274.789154    
   274.791473    
   274.784973    
   274.762543    
   274.756836    
   274.798920    
   274.962067    
   275.125641    
   275.230164    
   275.138550    
   274.898163    
   274.559387    
   274.242310    
   274.132202    
   274.176117    
   273.984528    
   273.627594    
   273.325806    
   273.045959    
   272.784271    
   272.608856    
   272.570618    
   272.693817    
   272.905823    
   273.094055    
   273.221008    
   273.317719    
   273.323517    
   273.381805    
   273.549896    
   273.702209    
   273.795593    
   273.795807    
   273.733002    
   273.485870    
   273.173889    
   272.879486    
   272.435669    
   271.984680    
   271.663727    
   271.519318    
   271.542114    
   271.767914    
   272.003967    
   272.225708    
   272.401733    
   272.579407    
   272.739380    
   272.837738    
   272.939697    
   273.031311    
   273.192871    
   273.388550    
   273.650543    
   273.940399    
   274.073669    
   274.152649    
   274.153595    
   273.986847    
   273.794006    
   273.577942    
   273.368530    
   273.237762    
   273.015137    
   272.813904    
   272.689636    
   272.556854    
   272.482880    
   272.393219    
   272.282471    
   272.177490    
   272.099152    
   272.069275    
   272.058838    
   271.995636    
   272.034698    
   272.311615    
   272.683533    
   273.092865    
   273.401062    
   273.545563    
   273.425415    
   273.074554    
   272.674164    
   272.348022    
   272.074768    
   271.834564    
   271.724213    
   271.683563    
   271.652832    
   271.556824    
   271.402374    
   271.286713    
   271.176178    
   270.981842    
   270.755219    
   270.550873    
   270.392151    
   270.355377    
   270.575958    
   271.140625    
   271.719940    
   272.279266    
   272.686279    
   272.857758    
   272.792358    
   272.410522    
   271.878052    
   271.400055    
   270.980347    
   270.643341    
   270.376129    
   270.117249    
   269.882996    
   269.672241    
   269.496155    
   269.332672    
   269.182892    
   269.017151    
   268.858154    
   268.715881    
   268.585114    
   268.572754    
   268.888031    
   269.579346    
   270.322235    
   270.986786    
   271.459351    
   271.669495    
   271.682098    
   271.577667    
   271.410339    
   271.302155    
   271.179688    
   271.108215    
   271.134003    
   271.240692    
   271.404144    
   271.608368    
   271.760803    
   271.887665    
   272.039398    
   272.203766    
   272.357880    
   272.481445    
   272.608673    
   272.780060    
   273.015564    
   273.322479    
   273.500488    
   273.662598    
   273.811615    
   273.933228    
   273.979645    
   274.030579    
   274.059143    
   274.108246    
   274.169067    
   274.223450    
   274.262207    
   274.294525    
   274.362244    
   274.433716    
   274.503815    
   274.593567    
   274.667633    
   274.716858    
   274.761475    
   274.812836    
   274.855835    
   274.921417    
   274.982239    
   275.072754    
   275.199341    
   275.219055    
   275.309692    
   275.289307    
   275.257507    
   274.993713    
   274.475006    
   273.841492    
   273.341492    
   273.088745    
   272.893219    
   272.658325    
   272.455719    
   272.258148    
   272.116821    
   272.126282    
   272.490692    
   272.931335    
   273.208313    
   273.367554    
   273.429535    
   273.529144    
   273.705170    
   274.067657    
   274.307678    
   274.444733    
   274.475586    
   274.460968    
   274.484802    
   274.554688    
   274.594360    
   274.587769    
   274.450073    
   274.304047    
   274.281982    
   274.225616    
   274.190796    
   274.085388    
   274.046082    
   274.227844    
   274.457794    
   274.556335    
   274.586243    
   274.591003    
   274.576233    
   274.708771    
   274.870361    
   274.995483    
   275.128510    
   275.217346    
   275.275085    
   275.152039    
   274.989990    
   274.640045    
   274.170410    
   273.795776    
   273.568756    
   273.566101    
   273.713165    
   273.645782    
   273.576874    
   273.623657    
   273.496704    
   273.319275    
   273.147003    
   272.979553    
   272.882019    
   272.854401    
   272.764740    
   272.816986    
   273.153687    
   273.711914    
   274.219391    
   274.596741    
   274.703674    
   274.780029    
   274.748840    
   274.637024    
   274.418884    
   274.314880    
   274.316132    
   274.385284    
   274.470123    
   274.589722    
   274.680389    
   274.771423    
   274.852417    
   274.908447    
   274.940491    
   274.990601    
   275.036743    
   275.113831    
   275.141968    
   275.166168    
   275.217560    
   275.459961    
   275.776428    
   275.989624    
   276.087708    
   276.097290    
   275.927948    
   275.622467    
   275.289154    
   275.198730    
   275.122253    
   275.034088    
   274.918793    
   274.868073    
   274.868042    
   274.825317    
   274.830963    
   274.762726    
   274.638000    
   274.616913    
   274.653625    
   274.613983    
   274.433960    
   274.674561    
   274.914368    
   275.165222    
   275.418335    
   275.547943    
   275.654633    
   275.629425    
   275.383240    
   275.018677    
   274.689423    
   274.352478    
   274.060455    
   273.782440    
   273.163452    
   272.523743    
   272.192688    
   272.102539    
   272.116028    
   272.180756    
   272.271301    
   272.341736    
   272.435364    
   272.406158    
   272.215698    
   272.397339    
   272.936401    
   273.701538    
   274.366913    
   274.917206    
   274.826447    
   274.776276    
   274.736359    
   274.325806    
   273.340698    
   272.678131    
   272.046997    
   271.467926    
   270.372253    
   269.753906    
   269.427216    
   268.978119    
   268.694946    
   268.367310    
   268.147186    
   267.894409    
   268.110779    
   268.514374    
   269.159912    
   269.922424    
   270.679840    
   272.464050    
   273.813660    
   274.710785    
   275.125122    
   275.094055    
   274.810089    
   273.492462    
   272.133301    
   271.291748    
   270.621094    
   270.168396    
   269.903198    
   269.693634    
   269.261536    
   269.033447    
   269.065277    
   269.316925    
   269.774963    
   270.125977    
   270.014526    
   269.989746    
   269.822754    
   269.915222    
   271.119385    
   272.820679    
   274.366577    
   275.487610    
   275.930847    
   275.937622    
   275.490692    
   274.823975    
   274.152893    
   273.733673    
   273.113403    
   272.463501    
   272.159363    
   271.872375    
   272.192261    
   271.773529    
   271.494843    
   271.670227    
   271.820740    
   271.351135    
   271.315857    
   271.483582    
   271.185394    
   271.039581    
   271.650452    
   272.717285    
   274.322388    
   275.400513    
   275.529236    
   274.972595    
   274.102417    
   273.090546    
   271.961182    
   271.402771    
   270.847931    
   270.663788    
   269.763794    
   268.974365    
   268.590515    
   268.132690    
   267.732513    
   267.573364    
   267.504639    
   267.079834    
   266.713318    
   266.855591    
   267.119965    
   267.940552    
   269.774780    
   272.303925    
   274.138123    
   275.628357    
   276.119385    
   275.978485    
   275.121002    
   273.774658    
   271.717804    
   270.594452    
   269.350952    
   268.707031    
   268.039093    
   266.720703    
   265.922455    
   265.207275    
   264.830994    
   264.274414    
   263.790161    
   263.120728    
   262.823151    
   262.625214    
   262.908020    
   264.494995    
   267.199890    
   270.620361    
   273.617676    
   276.084839    
   277.364563    
   277.544708    
   276.774078    
   274.717133    
   272.508026    
   270.810455    
   269.278412    
   268.328247    
   267.737762    
   266.958191    
   266.424713    
   265.769287    
   265.423218    
   265.080383    
   264.748566    
   264.318939    
   264.031433    
   263.793152    
   264.083496    
   265.812073    
   268.480774    
   272.022949    
   275.080078    
   277.584900    
   279.040466    
   279.255676    
   278.280640    
   276.186737    
   273.768463    
   272.269836    
   271.169525    
   270.612854    
   269.943573    
   269.332642    
   269.011108    
   268.485229    
   268.118286    
   267.843445    
   267.437988    
   266.897522    
   266.532837    
   266.339691    
   266.536163    
   267.971008    
   270.232849    
   273.700439    
   276.564056    
   278.815857    
   280.080078    
   280.022064    
   279.147797    
   277.017090    
   274.494141    
   272.685425    
   271.391418    
   270.565826    
   269.792175    
   269.014374    
   268.328125    
   267.908569    
   267.705292    
   267.414185    
   267.110657    
   266.836334    
   266.731720    
   266.446167    
   266.622162    
   268.049255    
   269.958496    
   272.134949    
   273.980743    
   275.218994    
   275.991791    
   275.961945    
   274.950012    
   273.928497    
   273.019348    
   272.555664    
   272.140930    
   272.062531    
   271.985291    
   271.976685    
   271.899109    
   271.949158    
   271.743042    
   271.804718    
   271.753082    
   271.805664    
   271.922668    
   271.921814    
   271.922760    
   272.370575    
   273.301453    
   274.238953    
   274.970154    
   275.383911    
   275.364380    
   275.195953    
   274.676086    
   273.702759    
   272.006958    
   271.051208    
   269.996033    
   269.299255    
   268.728271    
   268.006989    
   267.642578    
   267.275818    
   267.226013    
   267.386475    
   267.468201    
   267.099060    
   266.906647    
   266.780243    
   267.316467    
   267.757019    
   269.398621    
   271.985413    
   273.737030    
   275.223328    
   275.397461    
   275.132019    
   274.171814    
   272.762024    
   271.332214    
   270.373169    
   269.822540    
   269.686035    
   269.625977    
   270.120300    
   270.437622    
   270.622437    
   270.352478    
   269.812439    
   269.657684    
   269.788757    
   269.679138    
   269.754700    
   270.101257    
   271.141602    
   272.645325    
   273.640198    
   275.409485    
   276.246033    
   276.337708    
   276.104248    
   275.586578    
   275.218872    
   273.461609    
   272.030670    
   271.624146    
   271.770996    
   271.272125    
   270.838135    
   270.788696    
   270.671326    
   270.476837    
   270.485474    
   270.400177    
   270.116577    
   270.209015    
   270.241760    
   270.413239    
   270.804138    
   271.179474    
   271.649719    
   271.991791    
   272.351990    
   272.817444    
   272.947449    
   272.932098    
   272.568207    
   272.262024    
   272.010590    
   271.659821    
   271.439423    
   271.293671    
   271.045013    
   270.957581    
   270.721771    
   270.618225    
   270.452454    
   270.312134    
   269.908569    
   269.666351    
   269.443146    
   269.217163    
   269.187714    
   269.654572    
   270.477356    
   271.159058    
   271.818787    
   272.162781    
   272.119751    
   271.738007    
   270.949829    
   269.905090    
   268.925049    
   268.103149    
   267.529846    
   267.056030    
   266.474274    
   266.020477    
   265.501160    
   265.055817    
   264.645905    
   264.253265    
   263.789673    
   263.391174    
   263.033112    
   263.068176    
   263.631836    
   264.592133    
   266.030579    
   267.149048    
   268.197968    
   268.808655    
   269.017273    
   268.849640    
   268.263000    
   267.360168    
   266.509033    
   265.824860    
   265.361969    
   265.000580    
   264.654816    
   264.394257    
   264.036499    
   263.783234    
   263.444977    
   263.128571    
   262.785980    
   262.475037    
   262.266693    
   262.446198    
   263.258850    
   264.507355    
   266.074554    
   267.426636    
   268.611206    
   269.402313    
   269.711823    
   269.533752    
   268.809753    
   267.786041    
   266.862976    
   266.176331    
   265.771118    
   265.430664    
   265.181610    
   265.141815    
   264.956421    
   264.811584    
   265.080444    
   265.417908    
   265.678314    
   266.086700    
   266.573883    
   267.101929    
   267.684875    
   268.346832    
   269.333649    
   270.367554    
   270.952637    
   271.149658    
   271.333679    
   271.237183    
   271.081879    
   270.832672    
   270.500702    
   270.271484    
   269.990082    
   269.702637    
   269.634583    
   269.208740    
   268.733337    
   268.571411    
   268.639832    
   268.923248    
   269.111542    
   269.292603    
   269.437439    
   269.503479    
   269.850067    
   270.335052    
   271.415405    
   272.625977    
   273.577393    
   274.052002    
   274.285553    
   274.303131    
   273.955750    
   273.459045    
   272.939880    
   272.864258    
   273.049744    
   273.056213    
   273.171875    
   273.208252    
   273.275909    
   273.329102    
   273.330811    
   273.334564    
   273.422913    
   273.559753    
   273.679260    
   273.823181    
   274.071259    
   274.345947    
   274.931488    
   275.408691    
   275.845398    
   275.865356    
   275.911194    
   275.889435    
   275.514740    
   274.816345    
   274.032318    
   273.337158    
   272.880219    
   271.907990    
   271.331573    
   271.047729    
   270.416351    
   269.551453    
   268.733612    
   268.111969    
   267.451294    
   266.949829    
   266.535278    
   266.836304    
   267.988831    
   269.650299    
   271.664581    
   273.424347    
   274.906128    
   275.683655    
   275.738892    
   275.151794    
   274.130432    
   272.838867    
   271.543365    
   270.361328    
   269.590271    
   268.658142    
   267.799194    
   267.224915    
   266.305176    
   265.648254    
   265.305359    
   264.944092    
   264.420349    
   264.010315    
   263.958191    
   265.094269    
   266.913208    
   268.851440    
   270.952576    
   272.650269    
   274.456665    
   275.234955    
   275.119446    
   274.290588    
   272.933105    
   272.036865    
   271.179993    
   270.165283    
   269.336975    
   267.815369    
   266.738953    
   266.047729    
   265.242432    
   264.655640    
   264.162903    
   263.731567    
   263.147095    
   262.676086    
   262.291046    
   263.336304    
   265.306702    
   267.776428    
   270.881653    
   273.426025    
   275.507446    
   276.578979    
   276.534058    
   275.520172    
   273.894562    
   271.511261    
   269.261139    
   267.519165    
   266.518066    
   265.770325    
   264.978912    
   264.739044    
   263.857056    
   263.274414    
   262.806519    
   262.503876    
   262.148254    
   261.872986    
   261.757263    
   263.412781    
   265.885620    
   268.674316    
   272.474457    
   275.084717    
   277.524506    
   278.506897    
   278.156616    
   277.092712    
   275.856812    
   274.225342    
   272.363770    
   270.754578    
   270.024048    
   269.480347    
   268.609924    
   268.098145    
   267.251617    
   266.727417    
   266.309448    
   265.979736    
   265.503357    
   265.089661    
   264.847656    
   266.495178    
   269.048157    
   272.202820    
   276.043182    
   278.883698    
   280.938873    
   281.996521    
   282.115967    
   281.448608    
   279.692810    
   277.285522    
   274.753601    
   273.119324    
   272.187744    
   271.520325    
   270.620697    
   269.976685    
   269.286224    
   268.880005    
   268.571472    
   268.312439    
   268.037994    
   267.853149    
   267.744507    
   269.529785    
   271.979980    
   274.866058    
   278.872955    
   281.689758    
   284.239044    
   285.371735    
   285.500488    
   284.720154    
   282.946106    
   280.773071    
   278.729218    
   277.129547    
   276.320007    
   275.893616    
   275.262024    
   274.858856    
   274.287354    
   273.884827    
   273.491943    
   273.162109    
   272.629059    
   272.189941    
   271.955841    
   273.421875    
   275.764160    
   278.349426    
   281.887146    
   284.264343    
   286.677399    
   287.755676    
   287.802399    
   286.979889    
   285.169220    
   282.685883    
   279.785675    
   278.241150    
   277.334900    
   276.269958    
   275.153870    
   274.436646    
   273.531708    
   273.002716    
   272.582062    
   272.173248    
   271.644653    
   271.222290    
   271.011139    
   273.028534    
   275.673767    
   278.646393    
   282.438690    
   285.261047    
   287.525818    
   288.630554    
   288.733276    
   287.799286    
   285.813599    
   282.925751    
   279.930878    
   278.139648    
   277.159912    
   276.387421    
   275.299316    
   274.567017    
   273.681122    
   273.063110    
   272.541962    
   272.103516    
   271.481384    
   270.991974    
   270.689972    
   272.320831    
   275.074036    
   278.359497    
   282.232086    
   285.189178    
   287.539490    
   288.755676    
   288.933411    
   288.090637    
   286.050568    
   282.673065    
   279.128876    
   277.256195    
   276.095581    
   275.151581    
   274.036499    
   273.348846    
   272.835968    
   272.460632    
   272.048767    
   271.653442    
   271.183899    
   270.777985    
   270.636169    
   272.307220    
   275.137268    
   278.561523    
   282.409973    
   285.468658    
   287.719299    
   288.911011    
   289.176270    
   288.498169    
   286.788422    
   283.875610    
   280.598145    
   278.490631    
   277.080750    
   276.004028    
   274.874268    
   274.052002    
   273.148651    
   272.515594    
   272.194000    
   271.760498    
   271.133698    
   270.754059    
   270.846863    
   272.835999    
   275.330139    
   278.377563    
   282.206940    
   284.967773    
   286.784729    
   288.211578    
   288.420654    
   287.417694    
   285.537598    
   283.332336    
   281.502686    
   280.034363    
   278.846924    
   278.157349    
   277.411194    
   276.789490    
   276.149719    
   275.738556    
   275.461731    
   275.289276    
   275.287598    
   275.824829    
   276.245941    
   276.919373    
   277.757385    
   278.437561    
   280.019562    
   280.316742    
   279.738647    
   279.218750    
   279.884857    
   279.416168    
   278.054260    
   276.492798    
   274.820129    
   273.541412    
   273.182312    
   272.860962    
   272.304993    
   271.969818    
   271.245575    
   271.250000    
   271.556915    
   271.521606    
   270.914917    
   270.743958    
   270.621826    
   270.552246    
   271.237122    
   271.983398    
   272.872070    
   273.579956    
   273.880066    
   273.393494    
   273.023193    
   273.190308    
   272.788391    
   272.491608    
   271.580597    
   270.572083    
   269.998932    
   269.582520    
   269.076721    
   268.880127    
   268.371948    
   267.875488    
   267.513062    
   267.179993    
   266.762299    
   266.522644    
   266.721893    
   267.914856    
   269.299713    
   270.371674    
   271.292999    
   271.416534    
   271.629120    
   271.716461    
   271.786133    
   271.738861    
   272.152924    
   272.388763    
   272.500977    
   272.904907    
   273.212646    
   273.408936    
   273.247437    
   273.047760    
   272.801971    
   272.473450    
   272.243469    
   272.505035    
   272.776550    
   272.900726    
   272.932007    
   273.400574    
   273.974304    
   274.722412    
   275.566833    
   276.143738    
   276.826782    
   276.769501    
   276.680542    
   276.581543    
   276.218384    
   275.805176    
   275.521332    
   275.307159    
   275.031799    
   274.809570    
   274.696564    
   274.490784    
   274.029114    
   273.684296    
   273.240570    
   272.865845    
   272.461090    
   272.095032    
   271.808380    
   272.028564    
   272.592926    
   273.355042    
   274.065308    
   274.666870    
   275.341888    
   275.773804    
   275.998505    
   275.995483    
   275.787476    
   275.311523    
   274.401337    
   273.353699    
   272.831696    
   272.623596    
   272.106201    
   271.667938    
   271.355621    
   271.229004    
   271.002716    
   270.734955    
   270.436768    
   270.212646    
   270.233887    
   270.732849    
   271.627869    
   272.637939    
   273.531677    
   274.028595    
   274.513641    
   274.686584    
   274.791260    
   274.755615    
   274.703033    
   274.650909    
   274.456909    
   274.371857    
   274.377075    
   274.350677    
   274.294861    
   274.260162    
   274.240021    
   274.275696    
   274.390381    
   274.482819    
   274.521301    
   274.531799    
   274.502258    
   274.681519    
   274.945862    
   275.243408    
   275.597656    
   275.955261    
   276.311615    
   276.572754    
   276.653870    
   276.365295    
   275.923157    
   275.585571    
   275.237061    
   274.749359    
   274.463104    
   274.262970    
   274.042847    
   273.909332    
   273.782135    
   273.523346    
   273.277527    
   273.150879    
   273.297913    
   273.298584    
   273.347961    
   273.560944    
   273.805084    
   274.287079    
   274.779816    
   274.998413    
   275.034851    
   274.910187    
   275.048645    
   275.069366    
   275.052551    
   275.039856    
   275.102600    
   275.168030    
   275.205170    
   275.265991    
   275.327820    
   275.385315    
   275.438202    
   275.482178    
   275.526001    
   275.573486    
   275.588928    
   275.622742    
   275.685028    
   275.786591    
   275.867371    
   276.091980    
   276.443695    
   276.651703    
   276.901306    
   276.946411    
   276.990173    
   277.116943    
   277.193237    
   277.163757    
   277.019226    
   276.786713    
   276.652222    
   276.544739    
   276.401672    
   276.263672    
   276.127411    
   276.003906    
   275.887085    
   275.792786    
   275.676575    
   275.563385    
   275.523682    
   275.648010    
   275.885712    
   276.237396    
   276.728271    
   277.122742    
   277.405823    
   277.625702    
   277.753479    
   277.762207    
   277.669250    
   277.555481    
   277.192810    
   276.730988    
   276.389099    
   276.091980    
   275.797729    
   275.533966    
   275.279541    
   275.029633    
   274.787079    
   274.548462    
   274.319366    
   274.076935    
   273.961456    
   274.303894    
   274.901093    
   275.594086    
   276.095367    
   276.521088    
   276.835541    
   276.991272    
   276.923706    
   276.723572    
   276.510376    
   276.181763    
   275.811066    
   275.627289    
   275.631622    
   275.596375    
   275.610474    
   275.608185    
   275.623718    
   275.577301    
   275.567474    
   275.602264    
   275.479156    
   275.208923    
   275.048340    
   274.942139    
   275.232666    
   275.879578    
   276.549072    
   277.093353    
   277.421722    
   277.671753    
   277.675690    
   277.448792    
   276.931488    
   276.345520    
   275.844452    
   275.426910    
   274.981750    
   274.128662    
   273.039764    
   272.376007    
   272.056702    
   271.858795    
   272.048889    
   272.298218    
   272.264801    
   272.571289    
   272.965363    
   273.636902    
   274.080078    
   274.402649    
   275.050598    
   275.440674    
   276.237000    
   276.676605    
   277.198456    
   277.535583    
   277.843323    
   277.565308    
   277.172424    
   276.800323    
   276.844238    
   276.713806    
   276.559204    
   276.694641    
   276.296570    
   276.330627    
   276.427795    
   276.631287    
   276.411865    
   276.369293    
   276.805267    
   278.220612    
   279.981140    
   281.695099    
   283.833130    
   285.390015    
   286.759644    
   288.610901    
   289.838470    
   289.466614    
   287.802399    
   286.583069    
   285.377930    
   283.998413    
   283.341614    
   282.941467    
   282.406830    
   281.628693    
   281.078491    
   281.044617    
   280.573364    
   280.126343    
   279.689514    
   279.405701    
   279.467529    
   280.064636    
   280.793976    
   281.494690    
   283.174377    
   284.511780    
   285.968781    
   286.189636    
   286.574982    
   287.010437    
   286.333435    
   285.111511    
   284.028870    
   282.706970    
   282.014740    
   281.332123    
   280.592163    
   280.479004    
   280.575714    
   280.564392    
   280.427155    
   280.224884    
   280.133087    
   280.167419    
   280.335297    
   280.604553    
   281.196228    
   281.204712    
   281.273285    
   281.185730    
   281.659363    
   283.905243    
   284.850586    
   284.379700    
   283.599884    
   282.712830    
   281.637207    
   280.572052    
   280.116119    
   279.838440    
   279.368286    
   279.098114    
   278.798950    
   278.423523    
   278.356506    
   278.196777    
   277.865082    
   277.481873    
   277.555084    
   278.121338    
   278.433929    
   278.645691    
   278.817200    
   278.866638    
   279.135620    
   279.307373    
   279.545288    
   279.312622    
   278.948486    
   278.625916    
   278.328247    
   277.868896    
   277.641357    
   277.344238    
   277.165436    
   276.988556    
   276.870178    
   276.717285    
   276.607941    
   276.523468    
   276.483459    
   276.392090    
   276.535919    
   277.120789    
   277.579865    
   278.846802    
   280.802338    
   281.982117    
   284.735901    
   286.592529    
   286.648376    
   285.589111    
   284.393372    
   283.294678    
   282.056793    
   280.645630    
   280.121216    
   279.626007    
   279.317169    
   279.003296    
   278.654724    
   278.465515    
   278.248138    
   278.135223    
   277.850586    
   277.666748    
   277.748138    
   278.415222    
   279.016235    
   279.957703    
   280.739655    
   281.520752    
   282.663208    
   282.536987    
   282.827454    
   282.172729    
   281.307495    
   280.863037    
   280.130859    
   278.682190    
   278.106171    
   278.177429    
   277.518280    
   277.334778    
   277.169434    
   276.660767    
   275.952240    
   275.471313    
   274.989471    
   274.323853    
   274.779327    
   277.127930    
   279.978760    
   282.629028    
   286.079407    
   288.354187    
   290.569366    
   291.571045    
   291.542297    
   290.680725    
   289.067688    
   287.077576    
   284.552246    
   281.608887    
   280.196533    
   279.279724    
   278.373108    
   277.830719    
   277.225677    
   276.931580    
   276.927094    
   276.752655    
   276.255219    
   275.964691    
   276.894562    
   279.538147    
   282.574249    
   284.023987    
   286.068420    
   289.775360    
   292.295227    
   292.107452    
   289.930481    
   287.893036    
   286.658722    
   285.457520    
   284.143372    
   283.051697    
   282.439545    
   281.919434    
   281.394928    
   281.071350    
   280.825195    
   280.798370    
   280.782898    
   280.766968    
   280.533325    
   279.962952    
   279.556732    
   279.339539    
   279.154236    
   279.658600    
   279.389069    
   279.187866    
   278.641357    
   278.206879    
   277.913269    
   277.583618    
   276.698975    
   276.774963    
   276.629974    
   276.058624    
   275.899384    
   275.769318    
   275.415863    
   275.206116    
   274.723572    
   274.459290    
   274.036469    
   273.638611    
   273.039825    
   272.675171    
   272.949585    
   273.816132    
   274.631531    
   275.353485    
   277.009094    
   278.177063    
   279.582489    
   279.573792    
   279.231415    
   278.741302    
   278.138397    
   277.543365    
   276.396912    
   275.113220    
   274.595886    
   274.523438    
   273.803284    
   273.136963    
   272.403137    
   271.996704    
   271.629303    
   271.459656    
   271.231079    
   271.204773    
   272.080383    
   274.894287    
   277.465149    
   279.808472    
   282.161316    
   284.204224    
   286.996643    
   288.823486    
   289.276428    
   288.729675    
   287.584900    
   285.419586    
   283.267029    
   281.033630    
   279.742462    
   279.110657    
   278.565491    
   278.258209    
   278.265930    
   277.931366    
   277.500549    
   277.130219    
   277.001251    
   276.997589    
   277.640320    
   279.426422    
   281.626709    
   283.933716    
   286.661987    
   287.558319    
   289.780121    
   290.846008    
   291.898376    
   291.417969    
   289.592102    
   288.512421    
   286.424438    
   283.885132    
   282.912964    
   281.991821    
   281.042572    
   280.547211    
   279.857788    
   279.379303    
   279.113068    
   278.669373    
   278.289032    
   278.083282    
   278.776978    
   281.154633    
   283.562622    
   286.475525    
   289.365265    
   291.450714    
   292.692322    
   293.488586    
   293.147064    
   292.053528    
   290.771667    
   289.203186    
   287.445770    
   285.653168    
   284.864929    
   284.060974    
   283.162292    
   282.746796    
   282.166229    
   281.844879    
   281.745453    
   282.119598    
   281.950378    
   281.503387    
   280.748260    
   280.223083    
   279.755371    
   279.528687    
   279.571045    
   279.408752    
   279.435059    
   279.657074    
   280.146667    
   279.980225    
   280.017944    
   280.224365    
   280.217987    
   279.865479    
   279.755188    
   279.053162    
   278.684906    
   278.359619    
   277.500763    
   277.525543    
   277.384796    
   277.221588    
   277.655396    
   278.177399    
   278.926056    
   280.268524    
   280.527008    
   282.325195    
   282.945251    
   283.916382    
   284.678009    
   285.637421    
   285.783020    
   285.252319    
   284.836945    
   283.936646    
   283.383270    
   282.593262    
   282.172607    
   281.287201    
   280.372040    
   279.822937    
   279.023499    
   278.885681    
   278.409302    
   278.330383    
   278.195740    
   278.056183    
   278.876343    
   280.893585    
   283.861786    
   286.307495    
   288.593231    
   289.593933    
   292.178040    
   293.990204    
   294.632111    
   294.655029    
   293.339630    
   290.881836    
   289.132812    
   286.051392    
   284.270447    
   283.318298    
   282.062012    
   281.381531    
   280.786621    
   280.632507    
   280.279724    
   280.308899    
   280.173279    
   280.503357    
   281.387726    
   282.852997    
   283.747314    
   284.818390    
   286.695831    
   288.057526    
   288.141357    
   288.222412    
   287.634888    
   285.789185    
   284.587708    
   284.236115    
   283.806702    
   283.339294    
   283.125977    
   283.059937    
   282.933899    
   282.864258    
   282.879395    
   282.943237    
   282.993347    
   282.998901    
   282.743958    
   282.100464    
   282.208618    
   283.641510    
   285.950500    
   287.746246    
   289.809113    
   291.405548    
   292.822144    
   294.251038    
   293.396179    
   291.757812    
   290.202026    
   288.629608    
   287.436157    
   286.163208    
   285.396973    
   284.677704    
   284.082520    
   283.924316    
   283.712402    
   283.867920    
   283.916687    
   283.990784    
   283.497009    
   283.222198    
   283.784943    
   285.355957    
   286.475159    
   289.144470    
   289.944733    
   290.511841    
   290.601501    
   291.341736    
   290.491486    
   290.266632    
   290.119202    
   289.627502    
   288.579132    
   286.424866    
   285.529358    
   285.755859    
   285.418060    
   285.098389    
   284.621399    
   284.077698    
   283.744171    
   283.493683    
   283.084198    
   282.670471    
   282.949707    
   284.118530    
   285.685547    
   287.639282    
   288.426636    
   289.913361    
   288.481445    
   289.424622    
   289.489563    
   290.262817    
   286.866638    
   284.426147    
   283.014343    
   281.141174    
   279.919373    
   278.926514    
   277.833588    
   277.228790    
   276.326721    
   275.694031    
   275.123840    
   274.608673    
   273.904572    
   273.897034    
   275.321106    
   278.229004    
   281.612152    
   284.876038    
   287.375977    
   288.281189    
   290.836670    
   292.312561    
   291.585388    
   291.020996    
   289.330750    
   287.939514    
   285.906555    
   283.769531    
   282.679993    
   281.333710    
   280.298676    
   279.499573    
   279.007019    
   278.313751    
   277.035004    
   276.242981    
   275.416748    
   275.137543    
   276.499939    
   279.438599    
   282.409729    
   285.433929    
   288.281433    
   289.359314    
   290.836700    
   291.541199    
   292.298492    
   291.484680    
   290.160919    
   288.352600    
   286.155518    
   283.740692    
   281.932312    
   280.875214    
   279.534424    
   278.523590    
   277.463837    
   276.588348    
   275.917755    
   275.333008    
   274.839600    
   274.935394    
   276.227112    
   279.007507    
   281.661377    
   284.354065    
   286.571869    
   287.811768    
   288.681305    
   287.644684    
   287.700531    
   288.017883    
   287.532410    
   285.980713    
   284.097168    
   281.028809    
   279.495575    
   278.731628    
   278.317017    
   278.180206    
   277.538147    
   276.484100    
   275.901733    
   274.900085    
   274.243958    
   274.480835    
   276.186646    
   280.011261    
   283.785339    
   287.144440    
   289.140778    
   291.101013    
   293.548859    
   294.320557    
   293.279724    
   292.309387    
   290.919983    
   289.263123    
   287.112793    
   284.850525    
   283.560547    
   283.051361    
   282.253448    
   281.334015    
   280.368042    
   279.768738    
   279.223175    
   278.581512    
   278.043213    
   278.228180    
   279.688446    
   282.977203    
   286.570923    
   289.958160    
   292.148926    
   294.539551    
   296.111328    
   296.859283    
   295.789429    
   294.162354    
   292.772675    
   291.677826    
   289.921753    
   287.125793    
   284.387390    
   283.372681    
   282.402191    
   281.741638    
   281.034790    
   280.805908    
   280.304871    
   280.012024    
   280.027374    
   280.383209    
   281.109131    
   284.008484    
   286.254395    
   289.175232    
   292.493286    
   293.820129    
   294.346680    
   295.839661    
   296.106384    
   295.484070    
   293.958496    
   292.662781    
   290.594177    
   288.220825    
   286.842468    
   286.308472    
   284.864075    
   283.971527    
   283.114929    
   281.966278    
   281.128418    
   280.664520    
   280.242706    
   280.486877    
   281.329681    
   283.700378    
   286.492371    
   288.890442    
   289.941772    
   292.201172    
   292.970184    
   292.064423    
   286.944702    
   286.282715    
   284.952393    
   283.242462    
   281.759003    
   280.007996    
   278.666443    
   277.794800    
   276.884613    
   276.382263    
   275.657623    
   275.037750    
   274.536682    
   274.107300    
   273.774323    
   274.179901    
   275.804871    
   279.261963    
   282.413147    
   285.238556    
   288.045471    
   289.954254    
   291.425720    
   292.683075    
   291.885162    
   290.781189    
   289.750946    
   288.081024    
   286.766998    
   284.302338    
   282.195923    
   280.549469    
   279.240479    
   278.559967    
   277.935730    
   277.517029    
   277.190613    
   276.984039    
   277.122559    
   277.845673    
   279.215393    
   282.488892    
   285.306152    
   289.034546    
   292.622925    
   294.652771    
   294.960449    
   294.024445    
   293.802734    
   292.954010    
   292.043610    
   291.053589    
   289.648743    
   286.744568    
   285.118225    
   283.830017    
   282.581299    
   281.781403    
   281.135590    
   280.626099    
   280.225922    
   279.845795    
   279.767059    
   280.189758    
   281.925659    
   285.519714    
   288.778687    
   291.993927    
   295.296021    
   297.391174    
   298.872925    
   296.908203    
   295.569641    
   294.756287    
   294.112976    
   292.916138    
   291.746094    
   289.229126    
   287.384796    
   286.274658    
   285.357788    
   284.654633    
   284.416382    
   284.356995    
   284.233734    
   284.074646    
   283.609192    
   283.754852    
   284.891602    
   287.499817    
   290.141968    
   292.834442    
   295.592896    
   296.761292    
   297.414856    
   298.089050    
   298.640076    
   297.592468    
   293.556885    
   290.138000    
   288.882690    
   287.098816    
   285.887054    
   285.392395    
   284.139282    
   283.330200    
   282.291077    
   282.096802    
   281.763733    
   281.347107    
   280.839020    
   280.361755    
   280.566345    
   281.116638    
   282.424255    
   284.773132    
   286.393494    
   287.304077    
   287.572815    
   287.441345    
   286.854675    
   285.915741    
   283.145386    
   281.972168    
   280.993286    
   279.516907    
   278.506653    
   278.016693    
   276.981934    
   276.359802    
   275.695557    
   275.272034    
   274.959229    
   274.723755    
   274.553436    
   275.048279    
   276.329926    
   278.846313    
   281.017212    
   282.723022    
   284.149597    
   284.551056    
   284.231384    
   285.219788    
   285.503052    
   282.965729    
   281.306030    
   281.585846    
   281.193176    
   280.285522    
   279.971893    
   279.852844    
   279.588013    
   279.570435    
   279.391266    
   279.133240    
   278.826355    
   278.938599    
   279.047119    
   279.575867    
   280.629517    
   283.164764    
   285.078857    
   287.736969    
   289.710388    
   292.488831    
   295.153473    
   296.847656    
   297.061646    
   296.481812    
   295.203918    
   293.015289    
   290.994263    
   288.307159    
   286.245422    
   284.720215    
   283.190063    
   282.208435    
   281.392700    
   280.803284    
   280.416931    
   280.185364    
   280.577026    
   281.640686    
   283.017944    
   285.462616    
   287.104401    
   290.767761    
   294.926392    
   297.737091    
   299.889038    
   300.838409    
   300.862579    
   299.467346    
   295.487274    
   292.582489    
   290.481842    
   288.399170    
   287.649475    
   287.647644    
   286.382019    
   285.171265    
   283.436523    
   283.084900    
   282.852112    
   282.549530    
   281.840637    
   281.704346    
   282.571991    
   284.170410    
   285.748199    
   286.920807    
   288.634338    
   290.521545    
   292.888428    
   294.258698    
   295.140289    
   295.215759    
   294.244019    
   292.263000    
   290.357605    
   288.018951    
   286.322144    
   285.133484    
   284.141724    
   283.505310    
   282.581238    
   282.000702    
   281.604248    
   281.257538    
   281.206726    
   281.899109    
   283.399750    
   286.549133    
   289.382141    
   292.140167    
   294.118988    
   294.697479    
   296.705231    
   297.500244    
   297.125366    
   296.849060    
   295.587891    
   292.420837    
   290.969269    
   288.534363    
   286.810333    
   285.634186    
   284.386658    
   283.785858    
   283.368958    
   283.327118    
   282.963318    
   282.683655    
   282.427032    
   282.978424    
   284.408844    
   287.383667    
   290.344666    
   293.578522    
   296.313202    
   298.184692    
   298.784821    
   299.242523    
   298.520813    
   296.873444    
   294.990234    
   293.163757    
   287.905884    
   285.771545    
   284.541077    
   283.975861    
   282.960144    
   282.524170    
   281.638611    
   281.661133    
   281.228149    
   280.983490    
   280.748413    
   281.050842    
   281.964539    
   283.842072    
   285.802094    
   288.099548    
   289.747253    
   292.131653    
   294.259277    
   294.352417    
   292.725159    
   290.899048    
   288.403564    
   286.727295    
   285.947083    
   284.192566    
   282.691437    
   281.996460    
   281.265625    
   280.950500    
   280.740479    
   280.887787    
   280.996338    
   281.042755    
   281.031555    
   280.824554    
   280.775757    
   281.365723    
   281.606537    
   281.783661    
   282.532593    
   282.911255    
   283.499359    
   283.886597    
   284.355713    
   285.982361    
   286.132050    
   285.283508    
   283.512115    
   282.345673    
   281.916351    
   281.260559    
   280.803925    
   280.302368    
   279.758423    
   279.539368    
   279.480286    
   279.184692    
   278.983307    
   279.528595    
   280.964355    
   283.138123    
   285.246643    
   287.273193    
   289.626373    
   291.835876    
   293.963257    
   293.837067    
   293.003357    
   291.609009    
   289.832886    
   289.262878    
   288.262085    
   286.102020    
   284.707489    
   284.090881    
   283.706512    
   283.406189    
   282.234222    
   281.000610    
   280.260773    
   280.014496    
   280.152496    
   280.900482    
   282.537781    
   285.754028    
   287.118866    
   287.553955    
   291.107330    
   292.562805    
   293.952026    
   295.015533    
   295.976624    
   295.591736    
   294.302185    
   289.845428    
   286.509644    
   284.653076    
   283.851074    
   283.332947    
   282.323303    
   281.705048    
   280.819611    
   279.842133    
   279.351318    
   278.594666    
   278.098755    
   278.757416    
   280.204529    
   282.467957    
   284.885529    
   287.522278    
   290.547363    
   293.004517    
   295.678772    
   296.535919    
   297.180084    
   297.176788    
   295.490784    
   293.707092    
   291.484619    
   288.154449    
   285.484528    
   284.118164    
   282.719879    
   281.712921    
   280.599884    
   279.766022    
   278.893127    
   278.351807    
   278.312164    
   279.264648    
   281.425079    
   285.241394    
   288.949585    
   292.317566    
   295.701599    
   298.424866    
   300.282257    
   300.748016    
   299.717224    
   299.041779    
   297.010254    
   295.474854    
   293.273773    
   290.770996    
   288.770782    
   286.741455    
   285.293610    
   283.970032    
   282.648163    
   281.694122    
   280.886292    
   280.149200    
   279.741974    
   280.568237    
   282.109070    
   284.960449    
   287.698792    
   290.367371    
   293.251099    
   295.282104    
   296.858337    
   297.363464    
   297.361176    
   296.382202    
   294.575653    
   292.262543    
   289.941284    
   287.227692    
   285.507507    
   283.652954    
   282.330780    
   281.539093    
   280.674866    
   280.212860    
   279.888489    
   279.036652    
   279.006226    
   279.585205    
   280.607758    
   283.671448    
   285.445251    
   288.484619    
   290.669067    
   292.064911    
   293.442627    
   294.831543    
   294.660522    
   294.509979    
   293.302612    
   292.005341    
   290.266602    
   287.887177    
   285.814117    
   284.217682    
   282.985565    
   282.379669    
   281.782684    
   281.378357    
   280.977783    
   280.827759    
   280.877777    
   281.259644    
   282.092957    
   284.401123    
   286.892303    
   288.941132    
   290.210052    
   289.791077    
   288.685242    
   287.765625    
   287.311951    
   287.161316    
   286.595398    
   285.890381    
   285.153687    
   283.796021    
   282.639587    
   281.964111    
   281.137024    
   280.463501    
   280.260559    
   279.888885    
   278.954803    
   278.672424    
   278.456665    
   279.371674    
   280.829315    
   283.461151    
   286.444885    
   289.539551    
   291.127075    
   292.456055    
   294.018982    
   293.743317    
   292.929749    
   291.990295    
   290.900757    
   289.618408    
   288.363403    
   287.352753    
   286.413605    
   285.824036    
   285.219696    
   284.751801    
   284.242798    
   283.654175    
   282.968933    
   282.387695    
   281.934357    
   282.490601    
   284.121399    
   287.852142    
   291.841156    
   295.523407    
   299.042969    
   301.671387    
   302.553802    
   302.173096    
   300.057861    
   297.587799    
   295.693665    
   292.817627    
   290.817291    
   288.869324    
   287.366638    
   286.662659    
   286.208313    
   285.941711    
   285.280579    
   284.841125    
   284.462402    
   284.177826    
   283.824463    
   283.674194    
   283.716675    
   284.158386    
   284.691223    
   285.649536    
   286.959717    
   287.562927    
   288.129761    
   288.548401    
   288.295135    
   287.868225    
   287.073578    
   286.970032    
   285.658112    
   284.141937    
   282.676880    
   282.158875    
   281.636108    
   281.517365    
   280.902069    
   280.263458    
   279.765137    
   279.295807    
   279.589050    
   280.764343    
   282.027618    
   283.240479    
   283.909668    
   285.495544    
   286.784271    
   286.287170    
   285.208984    
   285.337555    
   284.637238    
   285.481171    
   285.923126    
   285.703461    
   284.634460    
   282.895233    
   281.768860    
   280.954224    
   280.154144    
   279.654541    
   278.843018    
   278.526917    
   278.337006    
   278.181580    
   278.466064    
   279.531036    
   281.132202    
   283.887726    
   286.320251    
   288.423065    
   290.808655    
   292.615662    
   295.346741    
   296.517639    
   296.951782    
   295.816132    
   295.102081    
   292.977905    
   288.898651    
   286.792236    
   284.754364    
   283.648834    
   282.405396    
   281.686035    
   280.656769    
   280.016724    
   279.576538    
   279.226318    
   279.590698    
   280.756378    
   282.934174    
   286.711914    
   290.750763    
   294.502045    
   298.130402    
   300.937744    
   303.187836    
   304.718964    
   304.286072    
   302.905670    
   300.092621    
   297.978516    
   296.100006    
   293.831116    
   292.239624    
   291.477783    
   290.684509    
   290.126678    
   289.632996    
   289.407776    
   289.134064    
   288.767792    
   288.628723    
   288.353302    
   288.206421    
   289.083038    
   288.752075    
   288.637360    
   289.881714    
   290.068359    
   290.874115    
   291.425568    
   290.484406    
   290.566101    
   289.880920    
   289.901367    
   289.746979    
   289.226562    
   288.894897    
   288.573151    
   288.147583    
   288.016785    
   287.560791    
   286.932800    
   286.337921    
   285.608765    
   285.755768    
   286.640503    
   288.209259    
   290.453796    
   292.520264    
   293.835999    
   295.640533    
   298.509125    
   300.505615    
   299.927216    
   299.651367    
   299.977234    
   299.803345    
   298.520264    
   296.941040    
   295.043976    
   293.559326    
   292.398254    
   291.407471    
   290.418945    
   289.554718    
   289.123322    
   288.894257    
   288.979065    
   289.351654    
   289.839447    
   290.422821    
   291.821960    
   293.675476    
   297.827881    
   300.481567    
   302.959351    
   304.501770    
   306.237854    
   306.099243    
   305.211731    
   305.043274    
   303.392334    
   300.862732    
   297.842712    
   295.204590    
   293.956879    
   292.815369    
   292.171600    
   291.403015    
   290.886230    
   290.441345    
   290.061890    
   290.192017    
   291.006836    
   292.258270    
   293.993439    
   294.769653    
   294.685547    
   294.610443    
   293.436035    
   292.795258    
   293.332733    
   294.292358    
   295.376831    
   295.238892    
   293.484314    
   292.359955    
   290.961670    
   289.124481    
   287.768097    
   286.504242    
   285.722992    
   284.911743    
   284.327515    
   283.825378    
   283.380798    
   283.672760    
   284.837982    
   287.025055    
   290.412781    
   293.817352    
   297.113800    
   299.649719    
   300.375031    
   301.468384    
   300.991241    
   302.293365    
   301.811401    
   300.285217    
   298.615601    
   297.473328    
   294.716919    
   292.306641    
   290.818146    
   289.517120    
   288.463470    
   287.752014    
   287.298370    
   287.023743    
   286.801910    
   287.065765    
   287.575684    
   288.715302    
   289.080231    
   290.316864    
   292.875671    
   294.488831    
   295.818756    
   297.618042    
   299.896271    
   300.827148    
   300.212219    
   298.931244    
   297.607574    
   295.950012    
   293.893433    
   292.176636    
   290.302368    
   289.083740    
   287.989197    
   286.830933    
   285.941223    
   285.282196    
   284.781860    
   285.027832    
   286.169006    
   288.251892    
   291.829041    
   294.982147    
   297.103027    
   298.526611    
   300.475403    
   302.438507    
   302.728149    
   301.840027    
   300.231384    
   299.059235    
   298.124878    
   296.740082    
   294.295715    
   292.491943    
   291.073425    
   289.498016    
   288.426025    
   287.008972    
   286.095215    
   285.521393    
   285.069092    
   285.109131    
   286.129944    
   288.225128    
   291.755493    
   295.058533    
   297.904144    
   300.373169    
   302.198486    
   304.426117    
   305.602966    
   305.718842    
   304.811523    
   303.350464    
   301.325745    
   299.247925    
   296.111115    
   293.013428    
   291.102936    
   289.393372    
   288.263885    
   287.275299    
   286.385223    
   285.813263    
   285.416260    
   286.069580    
   286.888580    
   289.239868    
   292.796753    
   296.776978    
   300.276245    
   303.624634    
   306.241028    
   307.213196    
   309.000549    
   309.721008    
   308.975647    
   307.481171    
   305.297607    
   302.816528    
   299.137817    
   296.165771    
   293.954529    
   291.838837    
   290.319427    
   289.058411    
   288.276672    
   287.585754    
   287.143555    
   287.603333    
   288.900909    
   291.240906    
   295.045227    
   298.821899    
   302.572296    
   306.262878    
   308.476807    
   309.438629    
   308.882141    
   309.008881    
   307.697632    
   305.993408    
   304.274170    
   303.093597    
   300.563629    
   298.048279    
   296.500610    
   295.256378    
   294.542969    
   294.067200    
   293.488281    
   293.129944    
   292.557495    
   292.819519    
   293.352692    
   295.134460    
   297.709412    
   300.614136    
   303.070923    
   306.348816    
   308.246613    
   309.767487    
   310.422028    
   310.532440    
   309.872772    
   308.205444    
   306.261475    
   304.168152    
   301.355042    
   298.792603    
   296.888916    
   294.979065    
   293.941864    
   292.842529    
   292.144714    
   291.597137    
   290.880981    
   291.054138    
   292.186462    
   294.509399    
   297.713867    
   301.027710    
   303.384155    
   304.565674    
   304.793762    
   303.804016    
   305.376221    
   305.859070    
   305.593750    
   304.569153    
   304.371979    
   302.573547    
   300.130554    
   298.363678    
   296.844574    
   295.253387    
   294.435425    
   294.162354    
   293.664154    
   293.279907    
   292.963562    
   292.912109    
   292.755890    
   293.736023    
   296.094086    
   299.246826    
   300.346893    
   302.168701    
   305.149597    
   307.672241    
   307.260986    
   307.276123    
   307.315125    
   305.750336    
   303.726654    
   302.325897    
   299.930298    
   297.407440    
   295.797577    
   294.299164    
   293.253387    
   292.314362    
   291.793732    
   291.409546    
   290.879181    
   290.726410    
   291.494507    
   293.441833    
   296.011047    
   298.899475    
   301.919067    
   303.706635    
   304.070496    
   303.662903    
   303.550537    
   302.961670    
   302.015472    
   300.325989    
   299.557678    
   297.220276    
   295.323547    
   293.878662    
   293.066895    
   291.886078    
   290.972961    
   290.009949    
   289.499634    
   289.021851    
   288.490356    
   288.683411    
   289.538025    
   290.960602    
   293.994751    
   296.681061    
   298.843903    
   302.043030    
   304.036133    
   306.316711    
   306.322479    
   306.311829    
   305.221466    
   304.019379    
   300.298828    
   296.570465    
   293.409637    
   292.565430    
   291.692230    
   290.081299    
   288.926880    
   287.567505    
   286.812561    
   286.034546    
   285.408875    
   285.141418    
   285.830933    
   286.869049    
   288.656494    
   290.353363    
   291.008667    
   292.839600    
   293.656952    
   295.342438    
   295.592621    
   296.668549    
   296.232666    
   296.736816    
   295.780426    
   294.866547    
   292.576569    
   290.816040    
   289.886688    
   289.039154    
   288.101501    
   287.153809    
   286.621979    
   286.169983    
   285.771057    
   285.964600    
   287.018036    
   289.058716    
   292.368042    
   295.718384    
   298.633575    
   301.520294    
   302.009216    
   302.218597    
   302.682526    
   303.043121    
   302.039307    
   301.563904    
   300.733765    
   298.883209    
   296.121552    
   293.617340    
   291.932129    
   290.406189    
   289.302979    
   288.205627    
   287.418549    
   286.741302    
   286.250885    
   286.523071    
   287.682434    
   289.759460    
   293.309326    
   296.635956    
   299.707581    
   302.484314    
   304.326660    
   303.129700    
   294.611450    
   294.099121    
   294.305786    
   294.508240    
   293.491638    
   293.130066    
   291.490234    
   290.284119    
   288.965088    
   287.881683    
   287.286743    
   286.446411    
   285.748535    
   285.213196    
   284.996826    
   285.202667    
   286.288879    
   288.283936    
   291.618591    
   294.984741    
   297.617340    
   300.074097    
   300.483704    
   301.384277    
   301.850159    
   300.670593    
   299.496704    
   299.352661    
   298.948822    
   297.563721    
   295.238647    
   293.181488    
   292.070465    
   291.092621    
   290.389709    
   289.532623    
   289.077209    
   288.593903    
   288.070801    
   288.067749    
   288.833923    
   290.530151    
   293.202484    
   295.326111    
   294.923096    
   296.997009    
   296.827698    
   296.917786    
   299.060547    
   298.687256    
   298.271606    
   298.564301    
   298.007507    
   296.646454    
   294.965149    
   294.111176    
   293.763458    
   292.674255    
   292.455261    
   291.609467    
   290.589386    
   289.637817    
   288.365601    
   287.963196    
   287.702606    
   287.569946    
   287.477142    
   287.562317    
   287.885498    
   289.078674    
   291.230042    
   293.819214    
   295.040894    
   296.609009    
   297.348785    
   298.570129    
   298.098022    
   296.414490    
   293.755798    
   291.657959    
   289.756378    
   288.357086    
   288.038330    
   287.663361    
   288.163818    
   288.017090    
   287.764221    
   287.849854    
   287.919128    
   288.296051    
   289.724670    
   291.495331    
   292.238770    
   295.257355    
   296.093323    
   294.497192    
   293.512634    
   292.561279    
   291.063354    
   290.672729    
   290.037048    
   289.882507    
   289.484314    
   288.662140    
   287.764282    
   287.193298    
   287.112854    
   287.130768    
   286.906250    
   286.646729    
   286.524475    
   286.457458    
   286.557129    
   286.627441    
   287.072998    
   287.301697    
   288.156036    
   289.298920    
   291.027222    
   293.721558    
   295.120239    
   295.633484    
   296.164307    
   296.807129    
   296.271149    
   295.196594    
   293.331604    
   291.713013    
   290.651123    
   289.587463    
   288.584076    
   287.344940    
   286.476044    
   285.863617    
   285.380707    
   285.706909    
   286.852386    
   288.899536    
   292.538605    
   295.750366    
   298.582703    
   301.619019    
   304.046875    
   306.415070    
   307.246033    
   307.513733    
   306.924866    
   305.530701    
   303.775055    
   301.577209    
   298.559601    
   295.937866    
   293.911865    
   292.026703    
   290.928589    
   289.846558    
   289.011200    
   288.295959    
   287.576843    
   288.047089    
   289.227478    
   291.473083    
   294.916931    
   298.429626    
   301.096802    
   304.201660    
   306.397766    
   308.591400    
   309.311401    
   309.348816    
   308.735931    
   307.295471    
   305.495178    
   303.470703    
   300.549438    
   298.086884    
   296.328705    
   294.599548    
   293.506531    
   292.423462    
   291.607422    
   290.922729    
   290.290588    
   290.533997    
   291.645172    
   293.816956    
   297.493195    
   300.909790    
   304.113922    
   306.721252    
   308.183228    
   309.845734    
   311.337799    
   312.597839    
   310.910797    
   309.990723    
   308.229248    
   306.329468    
   303.350952    
   300.571533    
   298.471130    
   296.578064    
   295.388092    
   294.213043    
   293.337524    
   292.651855    
   292.001160    
   292.426666    
   293.702393    
   296.136536    
   299.851410    
   303.557098    
   306.888062    
   310.228455    
   312.985657    
   315.275238    
   316.347229    
   316.101013    
   314.533295    
   312.207520    
   310.540802    
   308.655121    
   305.575165    
   302.670105    
   300.665955    
   298.914429    
   297.886353    
   296.914124    
   296.136993    
   295.491486    
   294.896729    
   295.108887    
   296.175964    
   298.284363    
   301.973602    
   305.407715    
   308.659698    
   311.528564    
   312.653198    
   313.900574    
   315.150513    
   314.844177    
   314.650879    
   313.444031    
   311.665161    
   306.956360    
   305.075287    
   303.421112    
   301.636841    
   299.855835    
   298.702698    
   297.598663    
   296.742645    
   296.013458    
   295.462006    
   295.352844    
   296.221436    
   297.935913    
   300.836212    
   303.478149    
   305.882355    
   308.314636    
   310.409912    
   311.739685    
   312.218048    
   312.027344    
   311.111481    
   309.323273    
   307.119171    
   304.659851    
   301.204010    
   298.310486    
   296.250153    
   294.219604    
   292.987122    
   291.370972    
   290.489075    
   289.806305    
   289.097107    
   289.081543    
   290.077179    
   292.100586    
   295.653564    
   298.929352    
   301.870422    
   305.001282    
   307.583221    
   309.940155    
   311.244263    
   311.576294    
   310.779388    
   309.205933    
   307.245911    
   304.651764    
   301.214172    
   298.076935    
   295.846985    
   293.787842    
   292.361389    
   290.852631    
   289.762909    
   288.918976    
   288.245850    
   288.627777    
   289.763275    
   291.992676    
   295.768738    
   299.100586    
   301.978912    
   304.876556    
   306.964508    
   308.561157    
   309.084473    
   308.918762    
