   276.476074    
   276.582275    
   276.477051    
   276.325867    
   276.151794    
   275.957245    
   275.937134    
   276.151062    
   276.342010    
   276.309113    
   276.123383    
   275.893402    
   275.582214    
   275.162628    
   274.891907    
   274.670624    
   274.420807    
   274.324799    
   274.330414    
   273.977478    
   273.648376    
   272.988342    
   272.599396    
   272.564270    
   272.473175    
   272.194214    
   271.944092    
   271.651245    
   271.226807    
   270.937500    
   270.866882    
   270.851257    
   270.975769    
   270.986359    
   270.989746    
   270.962280    
   270.784729    
   270.476654    
   270.317932    
   270.181885    
   269.922394    
   269.739044    
   269.698578    
   269.472076    
   269.273041    
   269.446411    
   269.464020    
   269.543793    
   269.414093    
   269.338562    
   269.248108    
   269.021912    
   268.923279    
   268.836273    
   268.592102    
   268.707703    
   268.967468    
   269.325958    
   269.400085    
   269.267456    
   269.054749    
   268.826111    
   268.745300    
   268.775574    
   268.728882    
   268.704010    
   268.729980    
   268.708221    
   268.739563    
   268.816895    
   268.814301    
   268.732544    
   268.777283    
   268.727051    
   268.703308    
   268.709351    
   268.670868    
   268.612396    
   268.543518    
   268.898590    
   269.303070    
   269.703308    
   269.888489    
   269.929749    
   269.780212    
   269.547699    
   269.453003    
   269.355957    
   269.343597    
   269.323853    
   269.098541    
   269.006348    
   268.882477    
   268.855835    
   268.784058    
   268.714325    
   268.778625    
   269.000488    
   269.118500    
   269.210266    
   269.307800    
   269.376038    
   269.405975    
   269.698059    
   269.974945    
   270.202087    
   270.343811    
   270.437500    
   270.515717    
   270.669983    
   270.851501    
   270.981995    
   271.168427    
   271.358582    
   271.456818    
   271.561584    
   271.663879    
   271.810089    
   271.997711    
   272.171417    
   272.322845    
   272.445343    
   272.527527    
   272.561951    
   272.558594    
   272.508942    
   272.688812    
   272.961212    
   273.238892    
   273.501495    
   273.725220    
   273.651825    
   273.507935    
   273.269409    
   273.269196    
   273.313751    
   273.355774    
   273.375366    
   273.171082    
   273.020691    
   273.041412    
   273.151245    
   273.217285    
   273.243805    
   273.283295    
   273.132812    
   273.049042    
   273.061096    
   272.918030    
   272.756226    
   272.565308    
   272.399475    
   272.203522    
   272.004059    
   271.661377    
   271.373108    
   271.207947    
   270.862640    
   270.703705    
   270.624481    
   270.505493    
   270.369812    
   270.295624    
   270.148743    
   270.056274    
   269.989868    
   269.878448    
   269.768585    
   269.667480    
   269.543762    
   269.488403    
   269.483002    
   269.404755    
   269.296417    
   269.427246    
   269.863373    
   270.308807    
   270.694916    
   270.935425    
   270.970154    
   270.905121    
   270.726074    
   270.652893    
   270.679993    
   270.723328    
   270.735352    
   270.721680    
   270.732269    
   270.691986    
   270.674225    
   270.612549    
   270.494568    
   270.285339    
   270.034943    
   269.881775    
   269.776520    
   269.719421    
   269.706329    
   269.738220    
   269.990295    
   270.300598    
   270.571289    
   270.726379    
   270.743896    
   270.659393    
   270.499268    
   270.393860    
   270.320282    
   270.265381    
   270.236786    
   270.259521    
   270.262146    
   270.260956    
   270.274689    
   270.283661    
   270.292023    
   270.287628    
   270.295441    
   270.300964    
   270.289124    
   270.295563    
   270.306091    
   270.330109    
   270.461121    
   270.658325    
   270.880951    
   270.993286    
   270.971985    
   270.803345    
   270.599091    
   270.481262    
   270.390320    
   270.297668    
   270.205963    
   270.140137    
   270.065979    
   270.031128    
   269.965210    
   269.946289    
   269.994385    
   270.036682    
   269.889374    
   269.760834    
   269.625793    
   269.359100    
   269.126434    
   268.901337    
   268.840820    
   268.843872    
   268.789612    
   268.655914    
   268.529510    
   268.283325    
   267.908997    
   267.667694    
   267.508789    
   267.375214    
   267.273438    
   267.152985    
   266.972748    
   266.815125    
   266.660614    
   266.522705    
   266.392029    
   266.242889    
   266.029541    
   265.839111    
   265.696747    
   265.483368    
   265.275848    
   265.177856    
   265.318695    
   265.470764    
   265.721497    
   265.818756    
   265.743134    
   265.547180    
   265.150024    
   264.876404    
   264.718079    
   264.432648    
   264.194916    
   264.049561    
   263.879852    
   263.724335    
   263.665466    
   263.596436    
   263.522278    
   263.477692    
   263.254852    
   263.011139    
   262.724823    
   262.316650    
   261.901825    
   261.649719    
   261.908630    
   262.134338    
   262.700104    
   263.088287    
   263.159607    
   263.237701    
   263.604462    
   263.931396    
   264.223541    
   264.631561    
   264.968628    
   265.264282    
   265.532471    
   265.839905    
   266.139465    
   266.471924    
   266.862793    
   267.251404    
   267.674316    
   267.828796    
   267.969055    
   268.291443    
   268.571014    
   268.864349    
   269.260712    
   269.596619    
   269.966125    
   270.178375    
   270.222443    
   270.143585    
   269.967316    
   269.962219    
   270.048004    
   270.087646    
   270.046509    
   270.013275    
   270.026276    
   270.087067    
   270.068207    
   270.001923    
   269.971375    
   270.029724    
   270.019928    
   270.077087    
   270.160065    
   270.195587    
   270.239197    
   270.334656    
   270.578827    
   270.859650    
   271.032715    
   271.136047    
   271.126099    
   271.010956    
   270.802002    
   270.706543    
   270.654999    
   270.608276    
   270.589722    
   270.605408    
   270.590454    
   270.575714    
   270.553314    
   270.534058    
   270.554504    
   270.553955    
   270.502167    
   270.456329    
   270.416626    
   270.400879    
   270.372559    
   270.425568    
   270.652100    
   270.841217    
   271.028778    
   271.237091    
   271.318817    
   271.268738    
   270.862366    
   270.508301    
   270.228119    
   269.954193    
   269.775513    
   269.631714    
   269.424225    
   269.260864    
   269.155884    
   269.024048    
   268.927856    
   268.881836    
   268.896667    
   268.954529    
   269.030426    
   269.166168    
   269.293030    
   269.427032    
   269.718689    
   269.999359    
   270.330292    
   270.578705    
   270.691681    
   270.712311    
   270.725830    
   270.791199    
   270.860291    
   270.942108    
   271.010590    
   271.086487    
   271.151825    
   271.197845    
   271.198792    
   271.195740    
   271.290741    
   271.316864    
   271.368011    
   271.410980    
   271.420776    
   271.326538    
   271.164795    
   271.080719    
   271.051392    
   271.104675    
   271.171295    
   271.194611    
   271.120544    
   270.966583    
   270.665344    
   270.500092    
   270.439209    
   270.324615    
   270.207794    
   269.981293    
   269.635254    
   269.289246    
   268.990540    
   268.675781    
   268.432312    
   268.238770    
   267.972839    
   267.719055    
   267.506073    
   267.197845    
   266.910156    
   266.767883    
   267.028442    
   267.308167    
   267.659363    
   267.871155    
   268.015686    
   268.040161    
   267.750610    
   267.539398    
   267.535248    
   267.667084    
   267.724670    
   267.856140    
   268.037537    
   268.165222    
   268.358887    
   268.520050    
   268.658691    
   268.795441    
   268.936615    
   269.073517    
   269.199738    
   269.337677    
   269.464325    
   269.654510    
   269.910583    
   270.197266    
   270.438538    
   270.612610    
   270.717468    
   270.691925    
   270.639893    
   270.632324    
   270.652222    
   270.674225    
   270.711365    
   270.716309    
   270.716400    
   270.730652    
   270.757263    
   270.786255    
   270.809875    
   270.842163    
   270.860443    
   270.868958    
   270.876129    
   270.837891    
   270.804260    
   270.847565    
   270.991241    
   271.080963    
   271.133789    
   271.147339    
   271.104431    
   270.986084    
   270.781372    
   270.625671    
   270.564972    
   270.537445    
   270.488251    
   270.207916    
   270.072083    
   269.956696    
   269.817719    
   269.786499    
   269.826447    
   269.801422    
   269.822601    
   269.823822    
   269.823608    
   269.789734    
   269.856171    
   270.017792    
   270.330627    
   270.620178    
   270.964600    
   271.155151    
   271.226105    
   271.209106    
   271.057800    
   270.967621    
   270.923279    
   270.901184    
   270.859467    
   270.782440    
   270.709808    
   270.608643    
   270.477112    
   270.409485    
   270.358185    
   270.320740    
   270.246857    
   270.246826    
   270.314667    
   270.359436    
   270.364960    
   270.368011    
   270.588959    
   270.875244    
   271.168091    
   271.352631    
   271.427124    
   271.399475    
   271.235687    
   271.158264    
   271.123108    
   271.071350    
   271.080658    
   271.073822    
   270.980225    
   270.877747    
   270.743958    
   270.616333    
   270.502930    
   270.425598    
   270.373444    
   270.167511    
   270.100067    
   269.927734    
   269.811523    
   269.805267    
   269.975037    
   270.295685    
   270.377167    
   270.404724    
   270.391357    
   270.306000    
   270.075897    
   269.825073    
   269.677673    
   269.407990    
   269.255554    
   269.056061    
   268.843231    
   268.730804    
   268.643005    
   268.571289    
   268.490570    
   268.397919    
   268.285797    
   268.223511    
   268.145294    
   268.005341    
   267.903961    
   267.900970    
   268.084808    
   268.338928    
   268.706818    
   268.893860    
   268.953064    
   268.848419    
   268.562958    
   268.341492    
   268.199860    
   268.102600    
   268.023895    
   267.961700    
   267.922760    
   267.902740    
   267.933685    
   267.967224    
   268.016022    
   268.028687    
   268.045929    
   268.059875    
   268.094391    
   268.205109    
   268.317505    
   268.478516    
   268.838654    
   269.254944    
   269.611511    
   269.823364    
   269.896698    
   269.872192    
   269.806000    
   269.767273    
   269.753632    
   269.714325    
   269.616486    
   269.538574    
   269.462158    
   269.445312    
   269.480377    
   269.358429    
   269.220612    
   269.127869    
   269.130371    
   269.077881    
   268.994873    
   268.839539    
   268.696075    
   268.785919    
   269.099731    
   269.361237    
   269.660828    
   269.893585    
   269.924408    
   269.689941    
   269.342499    
   269.066101    
   268.873505    
   268.647156    
   268.461395    
   268.251465    
   268.029633    
   267.878540    
   267.873383    
   267.874237    
   267.850403    
   267.821686    
   267.821075    
   267.836945    
   267.830597    
   267.842255    
   267.847809    
   268.022339    
   268.327942    
   268.689117    
   269.006226    
   269.248169    
   269.367340    
   269.348022    
   269.217773    
   269.143250    
   269.133179    
   269.150269    
   269.169434    
   269.154877    
   269.155945    
   269.183807    
   269.226074    
   269.277374    
   269.291534    
   269.306183    
   269.282501    
   269.297089    
   269.333313    
   269.380096    
   269.373871    
   269.515259    
   269.832336    
   270.141907    
   270.368134    
   270.405884    
   270.453491    
   270.475952    
   270.447815    
   270.353485    
   270.333679    
   270.322540    
   270.328674    
   270.301605    
   270.271271    
   270.274872    
   270.296265    
   270.268555    
   270.209290    
   270.157501    
   270.139984    
   270.134125    
   270.087555    
   270.070251    
   270.072418    
   270.255341    
   270.526672    
   270.774139    
   271.040497    
   271.283325    
   271.340302    
   271.234680    
   271.034271    
   270.901031    
   270.853851    
   270.815826    
   270.791382    
   270.781128    
   270.773865    
   270.757629    
   270.742859    
   270.738434    
   270.738647    
   270.747650    
   270.787872    
   270.837402    
   270.870850    
   270.912720    
   270.956573    
   271.092041    
   271.328766    
   271.578156    
   271.826752    
   272.044617    
   272.125244    
   272.047729    
   271.895782    
   271.763489    
   271.750336    
   271.759003    
   271.775543    
   271.789459    
   271.790588    
   271.757629    
   271.749878    
   271.729767    
   271.748138    
   271.709198    
   271.698547    
   271.695953    
   271.694580    
   271.655823    
   271.615417    
   271.748199    
   272.040924    
   272.419678    
   272.720398    
   272.876892    
   272.890808    
   272.801208    
   272.599213    
   272.436646    
   272.346680    
   272.236603    
   272.160828    
   272.087128    
   272.006622    
   271.932678    
   271.832306    
   271.712189    
   271.662933    
   271.626160    
   271.561462    
   271.467468    
   271.367218    
   271.262146    
   271.201477    
   271.258636    
   271.559265    
   271.904419    
   272.228271    
   272.243256    
   272.316071    
   272.191559    
   271.981934    
   271.740051    
   271.641968    
   271.485657    
   271.295197    
   271.014282    
   270.826355    
   270.710663    
   270.566437    
   270.406891    
   270.297150    
   270.206360    
   270.025879    
   269.916809    
   269.805054    
   269.665314    
   269.537964    
   269.641998    
   270.038605    
   270.362427    
   270.664551    
   270.850037    
   270.969086    
   270.991486    
   270.816711    
   270.624451    
   270.539642    
   270.441864    
   270.360474    
   270.287628    
   270.203827    
   270.175110    
   270.110077    
   270.054077    
   270.001068    
   269.946075    
   269.870514    
   269.772614    
   269.672394    
   269.583496    
   269.525330    
   269.627869    
   269.919983    
   270.177124    
   270.453156    
   270.572845    
   270.541504    
   270.384033    
   270.188751    
   269.837891    
   269.623718    
   269.325256    
   269.067993    
   268.854889    
   268.566589    
   268.272491    
   268.092407    
   268.032928    
   267.995789    
   267.988464    
   267.923920    
   267.970581    
   268.014587    
   268.082733    
   268.143158    
   268.401276    
   268.771362    
   269.233612    
   269.618713    
   269.851532    
   269.683380    
   269.425659    
   269.061951    
   268.641418    
   268.464722    
   268.211121    
   267.970825    
   267.721252    
   267.420715    
   267.135284    
   266.899048    
   266.709198    
   266.609528    
   266.585815    
   266.623566    
   266.644714    
   266.671082    
   266.749023    
   266.826874    
   267.014923    
   267.531372    
   267.991486    
   268.472626    
   268.787750    
   269.009430    
   269.049988    
   268.908295    
   268.761108    
   268.738434    
   268.748108    
   268.807800    
   268.748444    
   268.718109    
   268.730835    
   268.759338    
   268.738251    
   268.763000    
   268.763947    
   268.816071    
   268.889587    
   268.924255    
   269.015015    
   269.151642    
   269.424133    
   269.725281    
   270.081543    
   270.406158    
   270.651215    
   270.848022    
   270.853973    
   270.751129    
   270.613220    
   270.585999    
   270.621948    
   270.677246    
   270.723663    
   270.763794    
   270.794769    
   270.837128    
   270.877838    
   270.909546    
   270.958466    
   271.006897    
   271.032959    
   271.048523    
   271.056061    
   271.130280    
   271.338440    
   271.677917    
   272.105652    
   272.320068    
   272.489349    
   272.546173    
   272.412292    
   272.329865    
   272.066986    
   271.887634    
   271.841309    
   271.754303    
   271.686340    
   271.708344    
   271.724030    
   271.752228    
   271.756104    
   271.731140    
   271.731903    
   271.731903    
   271.727936    
   271.687714    
   271.659637    
   271.665039    
   271.808624    
   272.182129    
   272.458618    
   272.627777    
   272.758606    
   272.774963    
   272.703735    
   272.588837    
   272.346405    
   272.280762    
   272.255096    
   272.272827    
   272.250763    
   272.203217    
   272.117096    
   272.111816    
   272.128510    
   272.126556    
   272.087708    
   272.076691    
   272.041962    
   272.031464    
   272.028473    
   272.057343    
   272.346741    
   272.706635    
   272.993469    
   273.280090    
   273.538544    
   273.545319    
   273.439606    
   273.312866    
   273.002289    
   272.894287    
   272.791107    
   272.691772    
   272.460083    
   272.308960    
   272.280029    
   272.309479    
   272.363647    
   272.435669    
   272.459442    
   272.476715    
   272.491272    
   272.496979    
   272.471985    
   272.494049    
   272.585052    
   272.760559    
   273.039154    
   273.442871    
   273.639465    
   273.728821    
   273.547272    
   273.411224    
   273.027008    
   272.803345    
   272.794983    
   272.798859    
   272.540039    
   272.340424    
   272.205566    
   272.054138    
   271.901337    
   271.826111    
   271.814606    
   271.885590    
   271.951599    
   271.978333    
   271.977783    
   272.028412    
   272.145447    
   272.325562    
   272.571503    
   272.839417    
   272.946045    
   272.909698    
   272.916626    
   272.567749    
   272.176697    
   271.899628    
   271.386780    
   270.985596    
   270.745239    
   270.644836    
   270.624268    
   270.781219    
   270.865173    
   270.954620    
   271.011963    
   271.135406    
   271.228546    
   271.284119    
   271.337280    
   271.441711    
   271.778168    
   272.187836    
   272.725311    
   273.057587    
   273.351837    
   273.430420    
   273.396973    
   273.173340    
   272.907501    
   272.693054    
   272.521454    
   272.405396    
   272.205505    
   272.029602    
   271.889893    
   271.732727    
   271.621368    
   271.488159    
   271.379944    
   271.242035    
   271.137207    
   271.087128    
   271.035522    
   270.998413    
   271.097046    
   271.509827    
   271.950806    
   272.393158    
   272.553741    
   272.553284    
   272.439667    
   272.310181    
   272.032745    
   271.816193    
   271.654602    
   271.499573    
   271.435333    
   271.362549    
   271.300507    
   271.182983    
   271.043671    
   270.955017    
   270.857849    
   270.695679    
   270.540161    
   270.424408    
   270.316528    
   270.298279    
   270.428467    
   270.863281    
   271.255402    
   271.677277    
   271.870422    
   271.904053    
   271.776001    
   271.652435    
   271.412018    
   271.161560    
   270.981659    
   270.812561    
   270.687897    
   270.522736    
   270.357666    
   270.165771    
   269.995941    
   269.851746    
   269.731018    
   269.578217    
   269.434570    
   269.318604    
   269.212982    
   269.211365    
   269.416962    
   269.855164    
   270.333862    
   270.739258    
   270.995667    
   271.053864    
   271.028748    
   271.057098    
   270.911133    
   270.835754    
   270.766968    
   270.754822    
   270.769287    
   270.828003    
   270.902771    
   270.969086    
   271.011871    
   271.064056    
   271.135834    
   271.202545    
   271.268860    
   271.325775    
   271.374359    
   271.536652    
   271.938141    
   272.406372    
   272.834259    
   273.080261    
   273.412933    
   273.605743    
   273.554016    
   273.491211    
   273.380035    
   273.331970    
   273.322815    
   273.354126    
   273.391937    
   273.406067    
   273.425018    
   273.461914    
   273.493286    
   273.517212    
   273.544830    
   273.536255    
   273.522278    
   273.508240    
   273.503113    
   273.561096    
   273.655792    
   273.899292    
   274.286713    
   274.471954    
   274.718689    
   274.811249    
   274.663147    
   274.342102    
   273.991669    
   273.605225    
   273.348938    
   273.177490    
   273.014679    
   272.852692    
   272.704468    
   272.549011    
   272.416321    
   272.362488    
   272.440613    
   272.527496    
   272.579498    
   272.606873    
   272.600403    
   272.691711    
   272.974762    
   273.410034    
   273.908447    
   274.264038    
   274.306854    
   274.173584    
   274.040344    
   273.988495    
   273.909180    
   273.775085    
   273.579895    
   273.428162    
   273.360016    
   273.270966    
   273.203003    
   273.095703    
   273.043884    
   273.095642    
   273.177277    
   273.226593    
   273.208252    
   273.186523    
   273.181671    
   273.335449    
   273.669067    
   274.062866    
   274.412354    
   274.502625    
   274.581848    
   274.505981    
   274.398529    
   274.103821    
   273.859833    
   273.602570    
   273.395905    
   273.311401    
   273.310944    
   273.223114    
   273.169220    
   273.156128    
   273.068604    
   272.972839    
   272.879395    
   272.779663    
   272.701904    
   272.654663    
   272.593231    
   272.679047    
   272.922180    
   273.373840    
   273.828827    
   274.265808    
   274.607300    
   274.767609    
   274.596649    
   274.427826    
   274.176239    
   274.007141    
   273.922485    
   273.891815    
   273.893311    
   273.938751    
   273.964264    
   273.980957    
   273.993469    
   274.005676    
   274.004547    
   274.005493    
   274.014435    
   274.048828    
   274.088440    
   274.179871    
   274.266571    
   274.675873    
   275.117920    
   275.394531    
   275.447540    
   275.433441    
   275.256653    
   275.076660    
   274.872467    
   274.702515    
   274.623901    
   274.528290    
   274.418396    
   274.361267    
   274.347229    
   274.323029    
   274.316345    
   274.269379    
   274.178741    
   274.138794    
   274.137543    
   274.089417    
   274.005035    
   274.144684    
   274.405304    
   274.711823    
   275.046570    
   275.251099    
   275.320557    
   275.300751    
   275.105591    
   274.849487    
   274.633087    
   274.471466    
   274.289154    
   274.152740    
   274.004181    
   273.794403    
   273.660492    
   273.489990    
   273.393646    
   273.370392    
   273.375244    
   273.332153    
   273.320190    
   273.286011    
   273.230774    
   273.287140    
   273.555115    
   274.085083    
   274.502777    
   274.799377    
   274.886963    
   274.961761    
   275.010590    
   274.682434    
   274.303131    
   273.993500    
   273.552002    
   273.193909    
   272.801422    
   272.489349    
   272.265198    
   271.921112    
   271.661377    
   271.436981    
   271.234894    
   271.010254    
   270.919708    
   270.921967    
   271.102020    
   271.372101    
   271.671448    
   272.205414    
   272.741913    
   273.183472    
   273.474213    
   273.592010    
   273.572784    
   273.348053    
   273.177216    
   272.873383    
   272.629974    
   272.418182    
   272.259430    
   272.061127    
   271.834869    
   271.688110    
   271.603455    
   271.581543    
   271.647247    
   271.748199    
   271.749756    
   271.748840    
   271.729095    
   271.770691    
   272.023285    
   272.445587    
   272.982635    
   273.462585    
   273.840698    
   274.100586    
   274.078369    
   273.967316    
   273.810394    
   273.649719    
   273.523132    
   273.384888    
   273.280853    
   273.188934    
   273.197693    
   273.120148    
   273.033875    
   273.024109    
   273.027039    
   272.918640    
   272.823883    
   272.778229    
   272.615112    
   272.491119    
   272.492462    
   272.785248    
   273.278046    
   273.757690    
   273.952881    
   273.964233    
   273.841797    
   273.524139    
   273.158447    
   272.910583    
   272.625610    
   272.441345    
   272.196808    
   271.846436    
   271.581604    
   271.250122    
   270.976624    
   270.801086    
   270.674286    
   270.451996    
   270.210419    
   270.099243    
   270.117554    
   270.227631    
   270.504089    
   271.169006    
   271.811279    
   272.348297    
   272.670074    
   272.856812    
   272.819305    
   272.599701    
   272.464111    
   272.177765    
   271.851440    
   271.582703    
   271.344360    
   270.777161    
   270.267639    
   269.848938    
   269.553162    
   269.236267    
   268.926910    
   268.502869    
   268.205902    
   268.014099    
   268.048553    
   268.294891    
   268.737457    
   269.488647    
   270.201324    
   270.831604    
   271.273926    
   271.471619    
   271.447113    
   271.261414    
   271.213806    
   270.935486    
   270.766663    
   270.521912    
   270.340759    
   270.043976    
   269.767792    
   269.416016    
   269.171326    
   268.978882    
   268.787231    
   268.519775    
   268.291138    
   268.123260    
   268.223846    
   268.515076    
   268.976013    
   269.601868    
   270.297516    
   270.925781    
   271.364075    
   271.557404    
   271.584991    
   271.399445    
   271.305298    
   271.041656    
   270.913269    
   270.836456    
   270.738892    
   270.640594    
   270.550842    
   270.413879    
   270.264160    
   270.126373    
   269.965851    
   269.739105    
   269.535950    
   269.380249    
   269.398560    
   269.616730    
   269.986145    
   270.536255    
   271.196442    
   271.773834    
   272.179047    
   272.317810    
   272.257385    
   272.063232    
   271.964203    
   271.629120    
   271.438782    
   271.262177    
   271.059723    
   270.761261    
   270.454010    
   270.262787    
   270.150269    
   270.010254    
   269.852234    
   269.692932    
   269.572540    
   269.432343    
   269.380310    
   269.562500    
   269.970154    
   270.718384    
   271.416077    
   272.083405    
   272.610901    
   272.837372    
   272.733185    
   272.501404    
   272.266327    
   272.104889    
   271.993073    
   271.942841    
   271.907593    
   271.888062    
   271.855377    
   271.828156    
   271.767761    
   271.744446    
   271.718384    
   271.711853    
   271.726288    
   271.726898    
   271.744629    
   271.934174    
   272.247742    
   272.727661    
   273.118011    
   273.443848    
   273.668396    
   273.750244    
   273.637512    
   273.351440    
   272.950439    
   272.553101    
   272.155731    
   271.840546    
   271.589691    
   271.257050    
   270.981232    
   270.708099    
   270.536987    
   270.440216    
   270.342590    
   270.096649    
   269.875397    
   269.721497    
   269.794647    
   269.883942    
   270.187469    
   270.896729    
   271.565430    
   272.193573    
   272.638000    
   272.829285    
   272.847198    
   272.634735    
   272.348785    
   272.000153    
   271.799652    
   271.694244    
   271.623749    
   271.653992    
   271.690033    
   271.696167    
   271.622528    
   271.489227    
   271.408234    
   271.387756    
   271.343628    
   271.323425    
   271.359222    
   271.582489    
   271.951630    
   272.383972    
   272.967987    
   273.467438    
   273.801300    
   273.885803    
   273.799133    
   273.695709    
   273.390259    
   272.956055    
   272.706329    
   272.670776    
   272.549103    
   272.333527    
   272.192261    
   272.030823    
   271.849884    
   271.713074    
   271.558228    
   271.292847    
   271.148346    
   271.039124    
   271.024597    
   271.179047    
   271.381500    
   271.699646    
   272.027466    
   272.353333    
   272.653076    
   272.692413    
   272.703918    
   272.329193    
   271.982666    
   271.687408    
   271.343079    
   271.083527    
   270.893433    
   270.568390    
   270.347992    
   270.071899    
   269.878357    
   269.686737    
   269.507935    
   269.139404    
   268.835480    
   268.576660    
   268.398804    
   268.328125    
   268.559235    
   269.177124    
   269.752686    
   270.321747    
   270.641449    
   270.645172    
   270.437073    
   270.004608    
   269.766724    
   269.270844    
   268.712189    
   268.290070    
   267.981201    
   267.492035    
   267.099396    
   266.629395    
   266.231354    
   265.907715    
   265.609650    
   265.186829    
   264.817566    
   264.516937    
   264.562805    
   264.806335    
   265.190857    
   266.168091    
   267.022827    
   267.794708    
   268.277283    
   268.452454    
   268.386383    
   268.144226    
   268.064758    
   267.726379    
   267.432678    
   267.195831    
   267.048645    
   266.847687    
   266.689423    
   266.389160    
   266.156708    
   265.933990    
   265.732910    
   265.442688    
   265.162476    
   264.937744    
   265.119324    
   265.563110    
   266.189636    
   266.999786    
   267.739044    
   268.438721    
   268.906494    
   269.089783    
   269.023560    
   268.780487    
   268.648010    
   268.328918    
   268.110931    
   267.988739    
   267.886902    
   267.791779    
   267.733398    
   267.594391    
   267.472473    
   267.498657    
   267.557404    
   267.610809    
   267.707886    
   267.818970    
   267.993256    
   268.320221    
   268.844666    
   269.511353    
   270.240967    
   270.772552    
   270.979401    
   271.187714    
   271.180542    
   271.060791    
   270.847717    
   270.611847    
   270.478455    
   270.366699    
   270.263580    
   270.215607    
   270.076111    
   269.930298    
   269.829285    
   269.795502    
   269.816925    
   269.823975    
   269.832733    
   269.839325    
   269.890350    
   270.141205    
   270.462494    
   271.073608    
   271.769379    
   272.497131    
   272.925049    
   273.208740    
   273.251221    
   273.060699    
   272.818512    
   272.506287    
   272.363800    
   272.346649    
   272.302155    
   272.280518    
   272.258545    
   272.236176    
   272.223297    
   272.200378    
   272.181580    
   272.185455    
   272.203705    
   272.221283    
   272.294434    
   272.527893    
   272.884338    
   273.428589    
   274.026855    
   274.530701    
   274.772705    
   274.708221    
   274.631439    
   274.485352    
   274.139679    
   273.788727    
   273.525513    
   273.317932    
   273.004639    
   272.590424    
   272.322021    
   271.984009    
   271.599579    
   271.229309    
   270.902191    
   270.472168    
   270.125732    
   269.870026    
   269.909576    
   270.176453    
   270.644073    
   271.490997    
   272.282043    
   272.955505    
   273.331543    
   273.417755    
   273.344055    
   273.194611    
   272.977112    
   272.649719    
   272.141235    
   271.747192    
   271.450989    
   270.992371    
   270.638245    
   269.985779    
   269.408691    
   269.041412    
   268.725830    
   268.311554    
   267.948730    
   267.755432    
   268.202301    
   268.742554    
   269.290192    
   270.138977    
   270.942505    
   271.676178    
   272.195618    
   272.510864    
   272.592773    
   272.363525    
   272.138458    
   271.879913    
   271.494202    
   271.168945    
   270.806488    
   270.356232    
   269.988770    
   269.544281    
   269.171753    
   268.873352    
   268.611389    
   268.236420    
   267.902069    
   267.631409    
   267.835327    
   268.215576    
   268.750244    
   269.644287    
   270.523926    
   271.256561    
   271.719849    
   271.873627    
   271.759430    
   271.459625    
   271.144104    
   270.890717    
   270.447174    
   270.059845    
   269.743073    
   269.358307    
   269.170380    
   268.711456    
   268.249573    
   267.887665    
   267.623352    
   267.355408    
   267.128967    
   266.979034    
   267.345551    
   267.839966    
   268.495667    
   269.345673    
   270.258392    
   271.042389    
   271.572266    
   271.796326    
   271.750671    
   271.519714    
   271.232147    
   271.080292    
   270.824707    
   270.673676    
   270.547363    
   270.428009    
   270.306854    
   270.070984    
   269.823090    
   269.624512    
   269.451874    
   269.205261    
   268.957794    
   268.781891    
   269.049194    
   269.422821    
   270.058594    
   270.900513    
   271.803406    
   272.587616    
   273.110352    
   273.317810    
   273.254089    
   272.997589    
   272.657990    
   272.456177    
   272.144348    
   271.945618    
   271.785126    
   271.618713    
   271.433197    
   271.139557    
   270.925873    
   270.764587    
   270.618652    
   270.457306    
   270.319153    
   270.208069    
   270.379822    
   270.734924    
   271.360443    
   272.202881    
   273.110870    
   273.899139    
   274.410828    
   274.556549    
   274.428192    
   274.128052    
   273.780090    
   273.588715    
   273.293274    
   273.119934    
   272.994385    
   272.878143    
   272.765930    
   272.657410    
   272.546692    
   272.435272    
   272.325165    
   272.212250    
   272.093903    
   272.000183    
   272.059052    
   272.398712    
   273.021210    
   273.851135    
   274.729889    
   275.415283    
   275.818909    
   275.897552    
   275.710663    
   275.349243    
   274.936493    
   274.671936    
   274.312622    
   274.092316    
   273.912048    
   273.722046    
   273.534027    
   273.127441    
   272.863739    
   272.711731    
   272.595123    
   272.369568    
   272.166016    
   272.046570    
   272.244904    
   272.625854    
   273.288147    
   274.169830    
   275.088776    
   275.800659    
   276.214661    
   276.298401    
   276.111542    
   275.745697    
   275.303894    
   275.019104    
   274.629791    
   274.386566    
   274.204773    
   274.017853    
   273.830231    
   273.544220    
   273.271057    
   273.092285    
   272.969818    
   272.649414    
   272.396881    
   272.246613    
   272.466797    
   272.845978    
   273.525269    
   274.431091    
   275.361023    
   276.082031    
   276.494537    
   276.570251    
   276.374512    
   275.999146    
   275.543549    
   275.217438    
   274.783234    
   274.505920    
   274.250763    
   273.734680    
   273.398041    
   273.201935    
   273.083862    
   272.952271    
   272.799347    
   272.545990    
   272.336823    
   272.229950    
   272.484985    
   272.899048    
   273.616943    
   274.563019    
   275.489471    
   276.214325    
   276.627686    
   276.706177    
   276.521240    
   276.166260    
   275.737610    
   275.453094    
   275.049561    
   274.782593    
   274.559021    
   274.102905    
   273.726166    
   273.308105    
   272.965668    
   272.807343    
   272.626648    
   272.327881    
   272.097137    
   272.077942    
   272.453308    
   272.928711    
   273.639191    
   274.557709    
   275.443665    
   276.100647    
   276.511169    
   276.609680    
   276.487122    
   276.261536    
   276.000519    
   275.696655    
   275.424774    
   275.203857    
   275.049561    
   274.886017    
   274.718536    
   274.547668    
   274.405609    
   274.289246    
   274.190765    
   274.136047    
   274.186951    
   274.261139    
   274.442261    
   274.791748    
   275.119293    
   275.750305    
   276.126648    
   276.233063    
   276.260529    
   276.425720    
   276.367096    
   275.938934    
   275.498260    
   275.184875    
   274.687164    
   274.398315    
   274.179932    
   273.897491    
   273.632324    
   273.262817    
   273.029510    
   272.950806    
   272.851440    
   272.551636    
   272.315735    
   272.143768    
   272.032349    
   272.180084    
   272.471741    
   272.779755    
   273.115662    
   273.448608    
   273.294495    
   273.082703    
   273.007385    
   272.764893    
   272.465668    
   272.052338    
   271.561859    
   271.242493    
   271.010956    
   270.728180    
   270.533356    
   270.275421    
   270.039734    
   269.854187    
   269.672516    
   269.449493    
   269.277496    
   269.252472    
   269.646027    
   270.227844    
   270.782288    
   271.312836    
   271.527313    
   271.691345    
   271.853180    
   271.954132    
   271.891815    
   272.142029    
   272.254913    
   272.184906    
   272.252045    
   272.428925    
   272.545288    
   272.464844    
   272.358765    
   272.253296    
   272.088959    
   271.937347    
   271.967712    
   272.067902    
   272.106903    
   272.125824    
   272.408081    
   272.803650    
   273.423706    
   274.317566    
   275.120819    
   275.688263    
   275.783203    
   275.715820    
   275.638428    
   275.078857    
   274.606293    
   274.296906    
   273.881134    
   273.596893    
   273.268677    
   273.032501    
   272.858307    
   272.321045    
   271.953156    
   271.607819    
   271.306091    
   270.882721    
   270.487976    
   270.201813    
   270.396362    
   270.845551    
   271.482849    
   272.336914    
   273.078644    
   273.835449    
   274.185852    
   274.367554    
   274.391876    
   274.262085    
   273.964630    
   273.674591    
   273.053436    
   272.620911    
   272.326874    
   271.672913    
   271.265137    
   271.005859    
   270.946899    
   270.854370    
   270.677246    
   270.362152    
   270.096191    
   270.081421    
   270.574707    
   271.133667    
   272.067902    
   272.884491    
   273.445404    
   274.052979    
   274.410309    
   274.651550    
   274.594574    
   274.440186    
   274.281342    
   274.001434    
   273.821960    
   273.730896    
   273.653931    
   273.579285    
   273.521851    
   273.473694    
   273.448395    
   273.454285    
   273.450867    
   273.436615    
   273.411102    
   273.420654    
   273.660431    
   274.014374    
   274.434814    
   274.945129    
   275.479218    
   275.997437    
   276.373962    
   276.525604    
   276.290100    
   275.891968    
   275.538025    
   275.166504    
   274.757141    
   274.494446    
   274.326508    
   274.147278    
   274.013062    
   273.885010    
   273.733154    
   273.584351    
   273.468384    
   273.434631    
   273.384491    
   273.360748    
   273.491516    
   273.729004    
   274.062286    
   274.455566    
   274.692078    
   274.677979    
   274.488281    
   274.523560    
   274.463440    
   274.291199    
   274.095673    
   273.974548    
   273.882568    
   273.760315    
   273.677856    
   273.590271    
   273.506805    
   273.422119    
   273.332214    
   273.251953    
   273.178711    
   273.035583    
   272.931152    
   272.930939    
   273.077148    
   273.265686    
   273.784821    
   274.535522    
   274.988007    
   275.622803    
   275.949829    
   275.943054    
   275.859070    
   275.651764    
   275.339111    
   274.976929    
   274.217743    
   273.777649    
   273.517242    
   273.077484    
   272.712891    
   272.325470    
   271.997894    
   271.725098    
   271.506714    
   271.154968    
   270.872559    
   270.832581    
   271.421753    
   272.202362    
   272.860992    
   274.024384    
   275.154266    
   276.049500    
   276.546906    
   276.732910    
   276.678864    
   276.326965    
   275.934570    
   275.515198    
   274.843079    
   274.372467    
   274.064758    
   273.655579    
   273.314728    
   273.001038    
   272.713837    
   272.449005    
   272.212433    
   272.020355    
   271.807526    
   271.727295    
   272.201385    
   272.883606    
   273.625946    
   274.673096    
   275.742767    
   276.414734    
   276.755798    
   276.739075    
   276.586212    
   276.303650    
   275.885712    
   275.433960    
   275.068787    
   274.909058    
   274.800476    
   274.741180    
   274.686462    
   274.638550    
   274.537781    
   274.468597    
   274.438080    
   274.320496    
   274.121552    
   274.049072    
   274.074219    
   274.363190    
   274.956024    
   275.858002    
   276.720825    
   277.337646    
   277.643982    
   277.566895    
   277.271942    
   276.749268    
   276.336823    
   276.035126    
   275.422150    
   274.986420    
   274.583984    
   274.037292    
   273.575562    
   273.275391    
   273.066071    
   273.041077    
   273.046814    
   272.977112    
   273.018127    
   273.166412    
   273.580719    
   273.937164    
   274.262634    
   274.944092    
   275.414978    
   276.022675    
   276.355621    
   276.768280    
   276.976685    
   276.932159    
   276.717712    
   276.380890    
   276.051880    
   275.887451    
   275.748993    
   275.582092    
   275.483215    
   275.375885    
   275.283325    
   275.213348    
   275.172546    
   275.094482    
   275.017639    
   275.120728    
   275.500763    
   275.981781    
   276.740173    
   277.688629    
   278.610962    
   279.279785    
   279.713165    
   279.821838    
   279.632751    
   279.252838    
   278.884277    
   278.455383    
   278.080688    
   277.804962    
   277.599518    
   277.493500    
   277.446350    
   277.399567    
   277.334747    
   277.272675    
   277.115479    
   276.956879    
   276.835754    
   276.835236    
   276.960785    
   277.328796    
   277.648560    
   278.353149    
   279.004486    
   279.337402    
   279.500305    
   279.559235    
   279.542664    
   279.217651    
   278.807465    
   278.388306    
   277.984314    
   277.742310    
   277.549957    
   277.399628    
   277.310669    
   277.233856    
   277.139557    
   277.053314    
   276.975098    
   276.922394    
   276.926422    
   276.895874    
   276.904846    
   277.033875    
   277.017365    
   277.062347    
   277.264435    
   277.489746    
   278.041229    
   278.353912    
   278.240143    
   277.944153    
   277.570038    
   277.208099    
   276.902740    
   276.695953    
   276.548340    
   276.417358    
   276.293579    
   276.174683    
   276.059204    
   275.968414    
   275.877411    
   275.796082    
   275.721680    
   275.719513    
   275.843781    
   275.996063    
   276.188293    
   276.356323    
   276.448730    
   276.727600    
   276.909637    
   277.099182    
   277.005768    
   276.780579    
   276.572601    
   276.381927    
   276.146362    
   275.998230    
   275.882050    
   275.779694    
   275.697693    
   275.647278    
   275.595520    
   275.541077    
   275.484619    
   275.437469    
   275.383545    
   275.407593    
   275.532745    
   275.656921    
   276.077515    
   276.605560    
   276.931824    
   277.531036    
   277.972229    
   277.930969    
   277.563049    
   277.338623    
   277.016144    
   276.639252    
   276.254272    
   276.005219    
   275.781097    
   275.642761    
   275.489044    
   275.350128    
   275.223267    
   275.091583    
   274.988953    
   274.885834    
   274.791260    
   274.783478    
   274.906830    
   275.053497    
   275.198883    
   275.237579    
   275.364197    
   275.431519    
   275.172028    
   274.990692    
   274.665436    
   274.358521    
   274.112549    
   273.957672    
   273.793610    
   273.703461    
   273.685303    
   273.621277    
   273.591034    
   273.582123    
   273.521484    
   273.436310    
   273.386261    
   273.347198    
   273.267487    
   273.347076    
   273.767303    
   275.281616    
   278.194305    
   280.978912    
   282.749268    
   284.441162    
   285.039429    
   284.877563    
   284.328369    
   283.497131    
   282.622314    
   281.806976    
   280.233704    
   279.254456    
   278.795319    
   277.870850    
   277.380310    
   276.831848    
   276.525482    
   276.424805    
   276.288513    
   275.962891    
   275.753662    
   276.258636    
   277.808685    
   279.596130    
   281.529053    
   283.518616    
   285.702148    
   287.197449    
   287.244080    
   286.383820    
   285.346741    
   284.554443    
   283.868896    
   283.261902    
   282.183838    
   281.618408    
   281.332764    
   280.869293    
   280.659180    
   280.295776    
   280.130066    
   280.090698    
   280.059357    
   279.814758    
   279.561951    
   279.357269    
   279.239227    
   279.153442    
   279.657471    
   279.592163    
   279.416779    
   279.003479    
   278.658936    
   278.421509    
   278.120575    
   277.284454    
   277.072754    
   276.859070    
   276.336884    
   276.075897    
   275.932983    
   275.665100    
   275.472778    
   275.183197    
   274.983459    
   274.748779    
   274.532166    
   274.131836    
   273.828247    
   273.815643    
   274.294617    
   274.921356    
   275.573120    
   276.829773    
   277.987396    
   279.424072    
   279.689697    
   279.661407    
   279.326050    
   278.795898    
   278.443909    
   278.086853    
   277.238892    
   276.886871    
   276.768158    
   275.958466    
   275.368774    
   274.749542    
   274.342438    
   274.089844    
   273.929413    
   273.653900    
   273.627502    
   273.832397    
   275.273163    
   277.355957    
   279.062744    
   281.145630    
   282.758545    
   284.265961    
   284.899109    
   284.916748    
   284.324158    
   283.578918    
   282.685028    
   281.992432    
   280.841400    
   279.921326    
   279.524170    
   279.014191    
   278.698486    
   278.566345    
   278.321045    
   278.034607    
   277.771912    
   277.617401    
   277.554291    
   277.858826    
   279.103363    
   280.326416    
   282.034912    
   284.397644    
   285.969116    
   287.701752    
   288.685913    
   289.074829    
   288.621918    
   287.905640    
   286.930389    
   285.544647    
   284.312256    
   283.351990    
   282.699036    
   282.007965    
   281.505493    
   280.874268    
   280.355499    
   280.045959    
   279.668732    
   279.283051    
   279.051392    
   279.258118    
   280.468506    
   282.150879    
   284.464539    
   287.288788    
   289.717438    
   291.059448    
   291.596008    
   291.151520    
   290.151703    
   289.086517    
   287.973236    
   287.148468    
   286.035675    
   285.246094    
   284.615570    
   283.932648    
   283.467102    
   282.977417    
   282.595154    
   282.390106    
   282.462524    
   282.283722    
   281.839325    
   281.221436    
   280.773254    
   280.383484    
   280.119568    
   280.120728    
   279.987122    
   279.953796    
   280.117035    
   280.526184    
   280.405273    
   280.394836    
   280.587524    
   280.695435    
   280.348206    
   280.256775    
   280.005676    
   279.706787    
   279.520905    
   278.954529    
   278.858551    
   278.740356    
   278.674255    
   278.894501    
   279.186920    
   279.651093    
   280.638947    
   280.984985    
   281.912476    
   282.686066    
   283.416534    
   284.078857    
   284.647766    
   284.754028    
   284.407654    
   284.203094    
   283.765839    
   283.464844    
   282.709198    
   282.527893    
   282.053833    
   281.249237    
   280.989868    
   280.129639    
   279.816498    
   279.484161    
   279.332031    
   279.315002    
   279.287811    
   279.553162    
   280.808929    
   282.822968    
   284.456238    
   286.246216    
   286.994507    
   288.604553    
   289.571411    
   289.768799    
   289.625061    
   289.009674    
   288.253723    
   287.390167    
   285.367432    
   284.039490    
   283.423279    
   282.579590    
   282.026917    
   281.572449    
   281.361511    
   281.093414    
   280.964233    
   280.803345    
   280.952362    
   281.442261    
   282.471588    
   283.465973    
   284.325073    
   286.061218    
   287.361694    
   287.575928    
   287.531616    
   286.946747    
   285.727417    
   284.882202    
   284.538361    
   284.215668    
   283.714233    
   283.484161    
   283.418518    
   283.246429    
   283.151703    
   283.109192    
   283.127472    
   283.146606    
   283.140839    
   283.000000    
   282.609650    
   282.477814    
   283.416779    
   284.885895    
   286.282654    
   288.352448    
   289.627136    
   290.333923    
   290.397858    
   289.926483    
   289.141113    
   288.210510    
   287.500366    
   286.978363    
   286.032990    
   285.595856    
   285.244049    
   284.688599    
   284.454468    
   284.188904    
   284.188965    
   284.192078    
   284.255005    
   283.902191    
   283.629578    
   283.849640    
   284.991943    
   285.992065    
   287.409729    
   288.559174    
   289.182800    
   289.299805    
   289.846863    
   289.410522    
   289.231781    
   288.854706    
   288.268127    
   287.729126    
   286.162811    
   285.413147    
   285.364594    
   284.921967    
   284.671661    
   284.224792    
   283.822388    
   283.560944    
   283.356873    
   283.004639    
   282.705933    
   282.868652    
   283.628082    
   284.521942    
   285.696045    
   286.581818    
   287.710846    
   286.978333    
   287.317322    
   287.263153    
   286.914734    
   285.095978    
   283.650116    
   282.825165    
   281.548645    
   280.662292    
   280.102417    
   279.156128    
   278.657837    
   277.873657    
   277.306793    
   276.833954    
   276.422363    
   275.866516    
   275.739624    
   276.131073    
   277.734161    
   279.522339    
   281.428925    
   283.557434    
   284.644165    
   286.400574    
   287.338409    
   287.028259    
   286.675720    
   285.466095    
   284.314545    
   283.608337    
   282.614807    
   282.000977    
   281.096191    
   279.959473    
   279.232147    
   278.867706    
   278.393555    
   277.643677    
   277.126953    
   276.643555    
   276.419769    
   276.797058    
   278.657349    
   280.492615    
   282.539551    
   284.900635    
   285.930908    
   287.185303    
   287.719299    
   287.505859    
   286.920959    
   286.144012    
   285.223511    
   284.421204    
   283.441437    
   282.197723    
   281.461761    
   280.480225    
   279.712341    
   278.901520    
   278.240234    
   277.733429    
   277.297729    
   276.892029    
   276.772461    
   277.092529    
   278.597473    
   280.470886    
   282.719879    
   284.592743    
   286.159943    
   287.232910    
   286.800201    
   286.720581    
   286.517517    
   285.911041    
   284.829102    
   283.445984    
   281.670227    
   280.449982    
   279.905426    
   279.144257    
   278.763489    
   278.205994    
   277.505890    
   277.045105    
   276.389557    
   276.012604    
   276.084503    
   276.723602    
   278.898499    
   281.740875    
   284.842590    
   287.367035    
   289.211243    
   291.074432    
   290.896149    
   289.902374    
   288.776306    
   287.859528    
   286.955566    
   285.955688    
   284.920410    
   284.010620    
   283.633087    
   283.046967    
   282.458740    
   281.673279    
   281.160217    
   280.787811    
   280.364594    
   279.952911    
   279.930664    
   280.435059    
   282.076660    
   284.558685    
   287.238068    
   289.912262    
   292.044434    
   293.741577    
   294.423676    
   293.409851    
   291.982147    
   290.830627    
   289.874756    
   288.728516    
   287.206573    
   285.048859    
   284.251251    
   283.521210    
   283.028137    
   282.410278    
   282.075165    
   281.693420    
   281.394867    
   281.279053    
   281.409790    
   281.738281    
   283.723663    
   285.599945    
   287.376343    
   289.596069    
   290.861450    
   291.664764    
   292.638397    
   292.755554    
   292.081909    
   291.319885    
   290.560791    
   289.647308    
   288.511536    
   287.451080    
   286.956238    
   285.945526    
   285.134857    
   284.230804    
   283.300598    
   282.619110    
   282.242401    
   281.857361    
   281.815857    
   281.921753    
   283.001038    
   284.700317    
   286.582275    
   287.648315    
   289.147736    
   289.798187    
   288.888733    
   285.637787    
   284.670776    
   283.237305    
   282.017456    
   281.225708    
   280.237976    
   279.291565    
   278.772339    
   278.058289    
   277.665283    
   277.045776    
   276.552826    
   276.215607    
   275.949097    
   275.770477    
   275.863373    
   276.401855    
   278.405487    
   280.400421    
   282.490814    
   285.178131    
   287.372253    
   289.106262    
   290.241211    
   290.039001    
   289.362000    
   288.587036    
   287.703827    
   286.770874    
   284.846863    
   283.254395    
   282.253448    
   281.153381    
   280.550873    
   279.940002    
   279.497833    
   279.184021    
   278.948669    
   279.007019    
   279.427551    
   280.174377    
   282.418365    
   284.630981    
   287.340881    
   290.997742    
   293.673981    
   294.176239    
   293.518372    
   293.160645    
   292.418762    
   291.665985    
   290.711334    
   289.711914    
   288.049622    
   286.590179    
   285.636475    
   284.603760    
   283.825409    
   283.236511    
   282.754578    
   282.354004    
   281.989105    
   281.813171    
   281.880157    
   282.536377    
   284.331726    
   286.981354    
   290.102325    
   293.676910    
   296.551117    
   298.100403    
   296.536316    
   295.320007    
   294.627716    
   293.800476    
   292.913086    
   291.820557    
   290.407166    
   288.887909    
   287.973785    
   287.176025    
   286.526611    
   286.083557    
   285.821564    
   285.605164    
   285.370117    
   285.001709    
   284.899841    
   285.429688    
   287.107788    
   289.281219    
   291.494080    
   294.441467    
   296.384918    
   296.638885    
   297.379272    
   297.344879    
   296.247406    
   293.457153    
   290.548889    
   289.378540    
   287.818970    
   286.593018    
   286.118103    
   285.073029    
   284.311035    
   283.397888    
   283.023010    
   282.697968    
   282.305023    
   281.783905    
   281.403259    
   281.399353    
   281.706207    
   282.512024    
   284.265228    
   285.940521    
   286.934052    
   287.100647    
   286.577576    
   285.608643    
   284.460754    
   283.384216    
   282.765533    
   282.110168    
   281.139557    
   280.306854    
   279.896271    
   279.040375    
   278.517792    
   277.963196    
   277.561310    
   277.268036    
   277.040283    
   276.893219    
   277.047333    
   277.596344    
   279.391876    
   281.232391    
   282.682007    
   283.937408    
   284.223145    
   283.588287    
   283.956360    
   284.235291    
   282.959015    
   282.153076    
   282.426971    
   282.409241    
   281.778381    
   281.391998    
   281.195892    
   280.902588    
   280.718292    
   280.482208    
   280.173523    
   279.874084    
   279.749573    
   279.650421    
   279.874451    
   280.445129    
   282.108856    
   283.571503    
   285.138977    
   287.247070    
   289.781891    
   292.463379    
   294.132507    
   294.358856    
   293.845642    
   292.898560    
   291.636475    
   290.597992    
   289.038513    
   287.474121    
   286.368958    
   285.023376    
   284.052917    
   283.261658    
   282.714813    
   282.342804    
   282.046539    
   282.197510    
   282.848145    
   283.812683    
   285.519104    
   286.917603    
   289.607788    
   293.511414    
   297.026123    
   299.364532    
   299.857849    
   299.237549    
   297.757629    
   294.779938    
   292.661041    
   291.145142    
   289.255737    
   288.381104    
   288.269653    
   287.261017    
   286.175293    
   284.803375    
   284.244263    
   283.964691    
   283.696350    
   283.156860    
   282.872681    
   283.128204    
   284.215515    
   285.552704    
   286.527832    
   287.689209    
   288.959381    
   290.485931    
   291.320709    
   291.469360    
   291.440521    
   290.498505    
   289.225525    
   288.389099    
   287.493042    
   286.422821    
   285.716125    
   285.069824    
   284.591797    
   283.945801    
   283.462280    
   283.154510    
   282.893372    
   282.818207    
   283.161469    
   283.930511    
   285.770203    
   288.108032    
   290.816895    
   293.494751    
   294.427277    
   296.509186    
   296.972015    
   296.137787    
   295.234558    
   293.828156    
   291.021576    
   289.836273    
   288.538452    
   287.430725    
   286.701172    
   285.775757    
   285.185120    
   284.773010    
   284.603241    
   284.347595    
   284.121094    
   283.949554    
   284.103271    
   284.678894    
   286.487427    
   288.731201    
   291.453278    
   294.609497    
   296.508881    
   296.425354    
   295.750549    
   294.813171    
   293.580017    
   292.248291    
   290.849609    
   287.790466    
   286.336243    
   285.354187    
   284.905457    
   284.179688    
   283.769409    
   283.085846    
   282.918488    
   282.636444    
   282.432678    
   282.255798    
   282.281128    
   282.617279    
   284.023590    
   285.414307    
   287.047241    
   288.586884    
   290.179657    
   291.471130    
   291.216858    
   290.124573    
   288.818970    
   287.286011    
   286.184937    
   285.589874    
   284.493774    
   283.481689    
   282.940033    
   282.383972    
   282.079315    
   281.840881    
   281.806885    
   281.813019    
   281.781555    
   281.720276    
   281.582397    
   281.515442    
   281.978180    
   282.245575    
   282.440247    
   283.135620    
   283.626221    
   284.232391    
   284.637573    
   284.957642    
   285.919067    
   285.757416    
   285.355408    
   284.458466    
   283.490173    
   283.053253    
   282.641998    
   282.209900    
   281.807983    
   281.446991    
   281.259644    
   281.175781    
   280.953766    
   280.789795    
   281.005890    
   281.713013    
   283.457825    
   285.131531    
   286.652832    
   288.590820    
   289.523621    
   291.127411    
   291.212799    
   290.994293    
   290.381653    
   289.374451    
   288.985077    
   288.306335    
   287.032166    
   285.965454    
   285.436218    
   285.008453    
   284.669312    
   283.795959    
   282.901001    
   282.306976    
   282.010437    
   282.035583    
   282.303223    
   282.984253    
   285.035400    
   286.456909    
   287.226959    
   289.832703    
   292.033051    
   292.899414    
   293.709625    
   294.270081    
   293.177155    
   291.414886    
   288.583191    
   286.755615    
   285.415161    
   284.717346    
   284.316040    
   283.461853    
   282.858307    
   282.051331    
   281.317474    
   280.888123    
   280.368958    
   280.024963    
   280.204041    
   280.769135    
   282.249268    
   283.940979    
   285.938995    
   288.627930    
   290.369934    
   292.499023    
   293.254578    
   293.511047    
   293.172516    
   292.283081    
   291.234741    
   289.938965    
   287.856750    
   286.208954    
   285.247253    
   284.033569    
   283.096405    
   281.952698    
   281.137085    
   280.478088    
   280.015198    
   280.162231    
   280.634430    
   281.581207    
   284.036133    
   287.042328    
   290.146942    
   293.859528    
   297.230225    
   299.017303    
   298.736084    
   297.377533    
   296.333282    
   294.984253    
   293.606049    
   292.298584    
   290.578308    
   289.178894    
   287.885803    
   286.571777    
   285.486328    
   284.397339    
   283.532440    
   282.844818    
   282.237549    
   281.831360    
   281.909302    
   282.554474    
   284.332275    
   286.624023    
   289.300598    
   292.777588    
   295.898315    
   297.637146    
   297.297485    
   296.259827    
   294.819946    
   293.064453    
   291.116943    
   289.626282    
   287.925629    
   286.585297    
   285.369812    
   284.077423    
   283.195312    
   282.210846    
   281.586731    
   281.177704    
   280.573822    
   280.478333    
   280.642883    
   281.156189    
   283.123108    
   285.408752    
   287.663147    
   290.417542    
   292.402466    
   293.575439    
   294.782562    
   294.312134    
   293.784149    
   292.805481    
   291.731842    
   290.569977    
   288.982452    
   287.614166    
   286.448273    
   285.246552    
   284.529480    
   283.897339    
   283.429871    
   283.018311    
   282.761536    
   282.691650    
   282.903381    
   283.490997    
   285.255920    
   287.148315    
   289.062500    
   290.747589    
   290.877594    
   289.641876    
   288.720551    
   287.816132    
   287.522003    
   287.221680    
   286.613129    
   285.994629    
   284.923462    
   284.049500    
   283.514313    
   282.842621    
   282.319397    
   281.908752    
   281.537323    
   280.902405    
   280.595947    
   280.528198    
   280.964020    
   281.801636    
   283.705475    
   285.659607    
   287.905426    
   290.080261    
   291.424469    
   292.643860    
   292.587585    
   292.080994    
   291.483032    
   290.742126    
   289.848907    
   288.849518    
   287.717102    
   286.947510    
   286.463257    
   285.837158    
   285.198517    
   284.440826    
   283.803741    
   283.333435    
   282.956360    
   282.840027    
   283.202820    
   284.187988    
   286.357574    
   289.202057    
   292.492096    
   296.814148    
   300.685760    
   301.659027    
   300.795685    
   298.971954    
   297.185394    
   295.219666    
   292.918976    
   290.806580    
   288.758667    
   287.713013    
   287.165955    
   286.681946    
   286.354675    
   285.773315    
   285.334167    
   284.998718    
   284.725098    
   284.415222    
   284.260498    
   284.248749    
   284.681885    
   285.145294    
   285.925171    
   287.233582    
   287.935913    
   288.672424    
   289.223053    
   288.886230    
   288.330627    
   287.635895    
   287.189423    
   286.343079    
   285.120850    
   284.244415    
   283.793365    
   283.316193    
   283.071533    
   282.591217    
   282.110596    
   281.742493    
   281.435211    
   281.571259    
   282.201111    
   282.914185    
   284.051514    
   284.617371    
   285.571838    
   286.761200    
   286.809998    
   286.059113    
   286.332153    
   285.801575    
   286.327759    
   286.217224    
   285.893707    
   285.351196    
   284.135834    
   283.503418    
   283.118378    
   282.238953    
   281.669159    
   280.979370    
   280.634338    
   280.442719    
   280.293121    
   280.481415    
   280.949341    
   281.723114    
   283.660828    
   285.513763    
   287.252533    
   289.440002    
   291.196838    
   292.627686    
   293.036560    
   292.693817    
   291.553986    
   290.789948    
   289.585083    
   287.811005    
   286.434814    
   285.373657    
   284.747589    
   283.636932    
   282.990753    
   282.059174    
   281.442719    
   281.105255    
   280.870361    
   281.281433    
   281.827393    
   282.805298    
   285.434845    
   288.771149    
   291.110474    
   294.149414    
   297.373749    
   300.089905    
   301.357788    
   300.896301    
   299.711914    
   298.050507    
   296.739655    
   295.458496    
   293.729858    
   292.375122    
   291.649048    
   290.912872    
   290.349304    
   289.862061    
   289.525330    
   289.209778    
   288.905975    
   288.751892    
   288.498230    
   288.306488    
   289.010223    
   288.952332    
   288.922974    
   290.251831    
   290.549561    
   291.203491    
   291.730408    
   290.980774    
   290.669556    
   289.936584    
   289.632324    
   289.678558    
   289.150879    
   288.933289    
   288.872528    
   288.461548    
   288.220428    
   287.753693    
   287.388733    
   287.004974    
   286.561646    
   286.677826    
   287.168274    
   287.944672    
   289.874023    
   291.461060    
   292.733582    
   294.656952    
   297.160187    
   298.184326    
   296.919464    
   296.679504    
   296.239136    
   295.531860    
   294.871582    
   294.389832    
   293.100433    
   292.409882    
   291.779449    
   291.001923    
   290.342834    
   289.738770    
   289.373413    
   289.139862    
   289.083923    
   289.277985    
   289.581818    
   289.957703    
   291.074249    
   292.560242    
   295.315613    
   298.467712    
   301.279938    
   302.481506    
   303.323303    
   302.691833    
   301.290619    
   300.317535    
   299.373108    
   298.460876    
   296.541748    
   294.612305    
   293.759399    
   292.861084    
   292.358582    
   291.741913    
   291.278717    
   290.902588    
   290.579163    
   290.653870    
   291.186493    
   291.961121    
   293.295593    
   293.897827    
   293.968384    
   293.972961    
   293.331177    
   293.133850    
   293.878540    
   294.227814    
   294.172516    
   293.312561    
   291.483215    
   290.434875    
   289.690094    
   289.018890    
   288.206177    
   287.185791    
   286.573364    
   285.942993    
   285.502625    
   285.169281    
   284.881470    
   285.129211    
   285.612183    
   286.600403    
   288.811554    
   291.419922    
   294.488739    
   298.075562    
   300.658447    
   301.644562    
   300.802368    
   300.858582    
   299.982666    
   298.631165    
   297.341797    
   296.412231    
   294.598694    
   293.205994    
   292.157227    
   290.908569    
   289.871460    
   289.141327    
   288.649261    
   288.326843    
   288.068115    
   288.212402    
   288.596924    
   289.199127    
   289.486633    
   289.982452    
   291.351379    
   293.243347    
   295.355408    
   296.736511    
   297.119263    
   296.327637    
   295.592957    
   294.707642    
   293.936157    
   293.248901    
   292.157776    
   291.583008    
   290.656097    
   289.653839    
   288.846161    
   287.931091    
   287.232422    
   286.760223    
   286.386047    
   286.567505    
   287.042389    
   288.015594    
   290.454132    
   293.272675    
   295.361786    
   297.367432    
   300.563110    
   303.215912    
   302.182526    
   301.074005    
   299.712463    
   298.303253    
   297.171204    
   296.123718    
   294.588501    
   293.452759    
   292.408875    
   291.061737    
   290.070160    
   288.794220    
   287.903625    
   287.363922    
   286.983459    
   287.021301    
   287.346863    
   288.229462    
   290.632599    
   293.435822    
   296.406586    
   299.892853    
   303.101379    
   305.664551    
   305.745911    
   304.527740    
   302.822968    
   301.155548    
   299.453735    
   297.967010    
   295.763702    
   294.054535    
   292.585114    
   290.770905    
   289.460968    
   288.360596    
   287.550232    
   287.049042    
   286.726257    
   287.306091    
   287.723755    
   288.897430    
   291.348480    
   294.607788    
   298.004578    
   302.186310    
   306.172028    
   307.463745    
   307.726349    
   306.994934    
   305.498535    
   303.925842    
   302.222260    
   300.654663    
   298.152588    
   296.432098    
   294.785767    
   292.715698    
   291.225586    
   289.886505    
   288.982422    
   288.277832    
   287.824432    
   288.453308    
   289.185120    
   290.372467    
   293.112732    
   296.203918    
   299.798462    
   304.251587    
   307.888306    
   309.343933    
   308.287842    
   307.307739    
   305.710938    
   304.252441    
   302.887299    
   301.861511    
   300.076813    
   298.613922    
   297.463593    
   296.292908    
   295.544373    
   295.003601    
   294.477966    
   294.108521    
   293.693481    
   293.768311    
   293.940918    
   294.636200    
   296.478668    
   298.756104    
   300.463959    
   303.694214    
   307.838715    
   309.665985    
   310.201996    
   309.087402    
   307.551788    
   306.035583    
   304.493469    
   303.007904    
   300.907959    
   299.464111    
   298.070068    
   296.178955    
   294.980652    
   293.817596    
   293.017029    
   292.457275    
   291.872314    
   292.056915    
   292.545593    
   293.602692    
   295.940277    
   298.502380    
   300.996552    
   303.048889    
   303.186646    
   301.933716    
   302.309326    
   301.784546    
   300.817352    
   300.060913    
   299.831604    
   299.314148    
   298.053040    
   297.264771    
   296.594421    
   295.525024    
   294.811340    
   294.351471    
   293.708862    
   293.275574    
   293.019867    
   293.051147    
   293.059326    
   293.536224    
   295.074554    
   297.469025    
   299.176666    
   300.961975    
   304.197449    
   306.958344    
   306.018250    
   305.489502    
   304.611145    
   303.223022    
   302.060150    
   300.887848    
   299.173645    
   297.921234    
   296.826782    
   295.497742    
   294.517975    
   293.714233    
   293.151123    
   292.743256    
   292.304626    
   292.181152    
   292.417419    
   293.228577    
   295.165314    
   297.478271    
   300.170319    
   302.077850    
   302.759796    
   302.247009    
   301.605896    
   300.770996    
   299.718536    
   298.623383    
   297.783478    
   296.102722    
   294.736023    
   293.865204    
   293.399353    
   292.427368    
   291.640656    
   290.738525    
   290.146301    
   289.794769    
   289.417999    
   289.689270    
   290.156006    
   290.799866    
   293.628204    
   295.535583    
   297.379639    
   300.215820    
   302.190979    
   303.847534    
   303.870239    
   303.690582    
   303.293701    
   301.874786    
   299.302490    
   296.892395    
   294.043213    
   293.336578    
   292.755951    
   291.396423    
   290.336639    
   289.142334    
   288.436768    
   287.900024    
   287.430420    
   287.146606    
   287.307556    
   287.738983    
   289.050873    
   290.412628    
   291.087738    
   292.262604    
   292.894806    
   294.343781    
   295.110413    
   296.005981    
   295.618103    
   295.552643    
   294.847839    
   294.188599    
   293.051025    
   292.222076    
   291.539490    
   290.822754    
   290.114075    
   289.368652    
   288.891602    
   288.540100    
   288.232971    
   288.270081    
   288.622620    
   289.633606    
   291.944275    
   294.588989    
   297.564270    
   301.381866    
   302.814697    
   302.316650    
   303.064941    
   302.835388    
   301.452972    
   300.529205    
   299.562836    
   298.405579    
   296.487823    
   295.119995    
   293.891724    
   292.349182    
   291.273376    
   290.182831    
   289.354462    
   288.755493    
   288.290924    
   288.494843    
   288.966675    
   290.019012    
   292.547821    
   295.239929    
   298.354309    
   301.975586    
   305.039368    
   303.129639    
   295.140686    
   294.438049    
   294.377197    
   294.003662    
   293.115417    
   292.732330    
   291.525726    
   290.843750    
   290.112488    
   289.127808    
   288.569611    
   287.854126    
   287.316528    
   286.891968    
   286.703186    
   286.898956    
   287.362457    
   288.288361    
   290.671570    
   292.783142    
   294.992096    
   297.911804    
   300.369171    
   302.174103    
   301.798279    
   300.200378    
   299.653259    
   299.272552    
   298.502350    
   297.518066    
   295.977631    
   294.504913    
   293.581055    
   292.627686    
   291.945129    
   291.221313    
   290.718811    
   290.293579    
   289.867493    
   289.865356    
   290.144318    
   290.900452    
   293.057220    
   294.848694    
   295.366028    
   296.905212    
   297.161743    
   297.853882    
   298.090363    
   297.723267    
   297.490051    
   297.134857    
   297.144409    
   296.472015    
   295.283966    
   294.435303    
   294.096710    
   293.422943    
   293.153290    
   292.500885    
   291.545502    
   290.480530    
   289.227203    
   288.747925    
   288.440216    
   288.286835    
   288.306580    
   288.374207    
   288.593658    
   289.778564    
   292.269684    
   294.594788    
   295.157135    
   295.430908    
   294.975830    
   294.860016    
   294.548676    
   293.897156    
   292.508026    
   291.680359    
   290.602386    
   289.556549    
   289.088440    
   288.516052    
   288.580811    
   288.415161    
   288.235687    
   288.236633    
   288.157959    
   288.365753    
   289.577026    
   290.742310    
   291.647552    
   294.083282    
   295.150391    
   293.722473    
   292.718475    
   291.981689    
   290.992310    
   290.721008    
   290.446533    
   290.355713    
   289.754761    
   289.276855    
   288.804138    
   288.269653    
   288.095245    
   287.953033    
   287.744781    
   287.547455    
   287.450714    
   287.405060    
   287.475281    
   287.516052    
   288.006653    
   288.242767    
   288.946167    
   290.185577    
   292.011658    
   294.908569    
   295.484070    
   294.735748    
   294.177216    
   294.380341    
   294.395752    
   293.856049    
   292.841431    
   292.030334    
   291.339478    
   290.457916    
   289.709717    
   288.873505    
   288.251190    
   287.802643    
   287.439819    
   287.572479    
   288.011475    
   288.995331    
   291.433807    
   294.404236    
   297.608154    
   301.661133    
   305.703552    
   308.415558    
   308.353333    
   307.007446    
   305.374298    
   303.742523    
   302.119385    
   300.558167    
   298.528076    
   297.153015    
   295.695068    
   293.919312    
   292.750366    
   291.585388    
   290.700562    
   289.981384    
   289.304382    
   289.678467    
   290.315002    
   291.348480    
   293.831909    
   296.694092    
   299.640869    
   303.577850    
   307.421906    
   310.044617    
   309.966064    
   308.612640    
   307.042175    
   305.459839    
   303.830261    
   302.362610    
   300.422150    
   299.173492    
   297.927979    
   296.275879    
   295.064728    
   293.911438    
   293.092163    
   292.483734    
   291.924194    
   292.157593    
   292.596741    
   293.565002    
   296.095093    
   299.110260    
   302.368866    
   306.099426    
   308.585236    
   310.128845    
   310.759583    
   310.639343    
   308.999603    
   307.596039    
   306.180389    
   304.785278    
   302.623718    
   301.109833    
   299.609528    
   297.744965    
   296.554138    
   295.338104    
   294.442871    
   293.823944    
   293.263123    
   293.636383    
   294.263245    
   295.394379    
   297.935059    
   301.179138    
   304.580933    
   308.811462    
   313.020386    
   315.641754    
   315.767883    
   314.171875    
   312.022736    
   309.989868    
   308.519836    
   307.456451    
   305.009155    
   303.232239    
   301.716370    
   300.035248    
   298.975616    
   298.023376    
   297.268463    
   296.680176    
   296.162903    
   296.332153    
   296.759735    
   297.714783    
   300.254761    
   303.131042    
   306.343384    
   310.227570    
   312.884857    
   314.645813    
   315.178589    
   313.875732    
   312.680237    
   311.356384    
   309.679565    
   306.043365    
   304.363342    
   303.754791    
   302.878571    
   301.335632    
   300.165710    
   298.982147    
   298.131104    
   297.504272    
   297.042419    
   296.954468    
   297.217224    
   297.929962    
   299.897858    
   302.056305    
   304.598877    
   307.902069    
   311.480347    
   313.227112    
   312.887756    
   311.399292    
   309.639038    
   307.729095    
   305.793579    
   304.076324    
   301.690094    
   300.087036    
   298.586853    
   296.682831    
   295.385132    
   293.737152    
   292.643890    
   291.917999    
   291.290588    
   291.376038    
   291.732635    
   292.577637    
   295.123688    
   297.749329    
   300.637482    
   304.477264    
   308.316711    
   310.819458    
   310.888245    
   309.509460    
   307.791504    
   306.198364    
   304.543243    
   302.896606    
   300.560364    
   299.099762    
   297.657593    
   295.675476    
   294.165222    
   292.599030    
   291.452759    
   290.668304    
   290.079254    
   290.444946    
   290.999756    
   291.968506    
   294.869263    
   297.757111    
   300.769470    
   304.616882    
   308.357544    
   310.681915    
   310.561951    
   309.079315    
