   276.078064    
   276.407593    
   276.581543    
   276.670715    
   276.660461    
   276.547089    
   276.637268    
   276.972412    
   277.225006    
   277.367188    
   277.232941    
   277.069397    
   276.810974    
   276.483917    
   276.259827    
   275.985870    
   275.655426    
   275.371399    
   275.160309    
   274.682922    
   274.321381    
   273.732208    
   273.368408    
   273.272583    
   273.051392    
   272.726929    
   272.421265    
   272.029419    
   271.591553    
   271.320343    
   271.282410    
   271.301575    
   271.476410    
   271.752838    
   271.911255    
   271.654205    
   271.249451    
   270.820892    
   270.609772    
   270.402588    
   270.100159    
   269.885925    
   269.853027    
   269.548645    
   269.352631    
   269.563354    
   269.545685    
   269.606995    
   269.462280    
   269.430847    
   269.314392    
   269.063354    
   268.990662    
   268.898010    
   268.663971    
   269.118652    
   269.679199    
   270.201782    
   270.285370    
   269.893372    
   269.418915    
   269.083252    
   268.949982    
   268.939026    
   268.853516    
   268.808258    
   268.820953    
   268.811584    
   268.867279    
   268.970917    
   268.960968    
   268.872192    
   268.945923    
   268.874908    
   268.832947    
   268.822113    
   268.751068    
   268.666046    
   268.653503    
   269.190704    
   269.636749    
   270.105835    
   270.354126    
   270.331512    
   270.015320    
   269.649048    
   269.512878    
   269.367310    
   269.337341    
   269.296814    
   269.023651    
   268.942566    
   268.801453    
   268.793640    
   268.711151    
   268.650024    
   268.742493    
   268.985382    
   269.085968    
   269.182709    
   269.271545    
   269.327301    
   269.360321    
   269.747772    
   270.040100    
   270.246216    
   270.276886    
   270.231628    
   270.216431    
   270.381042    
   270.580750    
   270.686615    
   270.946228    
   271.182129    
   271.238739    
   271.409027    
   271.550262    
   271.849121    
   272.217590    
   272.524384    
   272.738129    
   272.902283    
   272.963135    
   272.915161    
   272.795868    
   272.591736    
   272.927673    
   273.377686    
   273.800018    
   274.187073    
   274.518585    
   274.455902    
   273.904724    
   273.418671    
   273.522125    
   273.572632    
   273.638580    
   273.671021    
   273.235046    
   273.090454    
   273.232697    
   273.431854    
   273.520905    
   273.533081    
   273.606018    
   273.359619    
   273.296906    
   273.348480    
   273.196167    
   273.047485    
   272.836761    
   272.879639    
   273.014587    
   273.278503    
   272.898315    
   272.432251    
   271.714783    
   271.091919    
   270.867889    
   270.722473    
   270.500000    
   270.277710    
   270.194397    
   269.942322    
   269.852997    
   269.811340    
   269.637024    
   269.491425    
   269.351440    
   269.192902    
   269.169434    
   269.174591    
   269.048401    
   268.888428    
   269.248169    
   270.024811    
   270.670807    
   271.347107    
   271.687592    
   271.563965    
   271.251282    
   270.851471    
   270.713715    
   270.714264    
   270.731201    
   270.699127    
   270.642426    
   270.655579    
   270.563751    
   270.574615    
   270.458221    
   270.256531    
   269.913483    
   269.574341    
   269.445801    
   269.339386    
   269.322021    
   269.356873    
   269.456848    
   269.955505    
   270.454010    
   270.860352    
   271.020264    
   270.932312    
   270.701904    
   270.401062    
   270.234711    
   270.090088    
   269.992493    
   269.944916    
   269.999756    
   269.990814    
   269.983856    
   270.025604    
   270.074677    
   270.093903    
   270.087463    
   270.103882    
   270.069214    
   270.017273    
   270.006927    
   269.997955    
   270.029083    
   270.254456    
   270.577759    
   270.931854    
   271.049744    
   270.938263    
   270.561340    
   270.185364    
   270.007996    
   269.850525    
   269.723145    
   269.580261    
   269.480225    
   269.356995    
   269.321503    
   269.211151    
   269.201324    
   269.307190    
   269.377380    
   269.091431    
   268.938629    
   268.743103    
   268.352936    
   268.085419    
   267.802612    
   267.981049    
   268.037384    
   268.153259    
   268.023621    
   267.802460    
   267.380371    
   266.780823    
   266.466675    
   266.256439    
   266.117920    
   266.029175    
   265.860748    
   265.617065    
   265.438782    
   265.269562    
   265.124512    
   264.973633    
   264.781952    
   264.520996    
   264.311218    
   264.164093    
   263.900757    
   263.662598    
   263.672729    
   264.166626    
   264.597382    
   265.159302    
   265.322083    
   265.134460    
   264.655334    
   264.022278    
   263.687256    
   263.502625    
   263.141388    
   262.905945    
   262.822815    
   262.680969    
   262.544556    
   262.517731    
   262.445740    
   262.400208    
   262.428925    
   262.104584    
   261.797668    
   261.406006    
   260.828613    
   260.254669    
   260.172913    
   261.157684    
   261.953094    
   262.648560    
   262.797821    
   262.535889    
   262.509796    
   263.042145    
   263.424377    
   263.794830    
   264.602234    
   265.209106    
   265.671021    
   266.434204    
   267.057281    
   267.749298    
   268.485657    
   269.154327    
   269.741150    
   270.624725    
   270.916138    
   271.028839    
   271.658020    
   272.052734    
   272.348724    
   272.836731    
   273.119263    
   273.628418    
   273.786835    
   273.590027    
   273.265564    
   272.707123    
   272.622498    
   272.648132    
   272.464813    
   272.262878    
   272.119232    
   271.997925    
   272.006531    
   271.920837    
   271.777832    
   271.716248    
   271.841583    
   271.744354    
   271.848114    
   271.933228    
   271.923462    
   271.953033    
   272.062531    
   272.560547    
   273.016663    
   273.591217    
   273.750732    
   273.623779    
   273.002167    
   272.548462    
   272.382690    
   272.254395    
   272.155457    
   272.144440    
   272.190002    
   272.123566    
   272.082336    
   272.002930    
   271.948120    
   271.985779    
   271.957397    
   271.841248    
   271.768707    
   271.700836    
   271.723450    
   271.669678    
   271.805908    
   272.266418    
   272.706238    
   273.571564    
   273.849396    
   273.679749    
   273.264465    
   272.427124    
   271.827026    
   271.354645    
   270.914520    
   270.695740    
   270.487366    
   270.112061    
   269.862152    
   269.706268    
   269.486603    
   269.372864    
   269.346161    
   269.420410    
   269.564209    
   269.719452    
   269.942749    
   270.104858    
   270.281250    
   270.757690    
   271.153046    
   271.637024    
   271.927765    
   271.992432    
   271.911865    
   271.853882    
   271.917542    
   271.965271    
   272.099426    
   272.187378    
   272.297424    
   272.392059    
   272.434814    
   272.344788    
   272.295380    
   272.521210    
   272.502838    
   272.500275    
   272.483978    
   272.424347    
   272.190216    
   271.912811    
   271.818024    
   271.833191    
   271.974213    
   272.151855    
   272.204132    
   272.042297    
   271.723694    
   271.156403    
   270.915497    
   270.802551    
   270.591675    
   270.426178    
   270.001526    
   269.450745    
   268.968140    
   268.637268    
   268.196594    
   267.899200    
   267.703979    
   267.358063    
   267.050934    
   266.846802    
   266.444336    
   266.138367    
   266.334503    
   267.400757    
   268.488647    
   269.653442    
   269.997040    
   269.857666    
   269.187653    
   268.202759    
   267.735962    
   267.703705    
   267.907013    
   267.900452    
   268.119690    
   268.388000    
   268.517792    
   268.865112    
   269.084839    
   269.258667    
   269.441589    
   269.697815    
   269.889526    
   270.029175    
   270.250641    
   270.397644    
   270.598297    
   270.980957    
   271.324677    
   271.672241    
   271.834656    
   271.881775    
   271.695892    
   271.530426    
   271.470886    
   271.457092    
   271.457458    
   271.496521    
   271.455200    
   271.426880    
   271.438141    
   271.480286    
   271.521393    
   271.554321    
   271.613464    
   271.626648    
   271.626678    
   271.629486    
   271.538116    
   271.485260    
   271.583038    
   271.856354    
   271.946991    
   272.074036    
   272.090912    
   271.992493    
   271.760956    
   271.388062    
   271.139526    
   271.082611    
   271.079468    
   270.998047    
   270.394836    
   270.291412    
   270.155945    
   269.951172    
   269.999542    
   270.138733    
   270.090179    
   270.179688    
   270.183655    
   270.190796    
   270.105042    
   270.269531    
   270.606873    
   271.250488    
   271.960480    
   272.474091    
   272.704712    
   272.739014    
   272.535095    
   272.103394    
   271.895386    
   271.764191    
   271.696289    
   271.591095    
   271.421875    
   271.299194    
   271.111877    
   270.888062    
   270.839020    
   270.784393    
   270.764008    
   270.665161    
   270.760986    
   270.958618    
   271.066925    
   271.081024    
   271.198456    
   271.921844    
   272.619202    
   273.280182    
   273.632751    
   273.658752    
   273.296326    
   272.696899    
   272.530914    
   272.410461    
   272.251709    
   272.260010    
   272.215271    
   272.042175    
   271.865601    
   271.663269    
   271.495697    
   271.331085    
   271.196930    
   271.158325    
   270.792969    
   270.861206    
   270.614380    
   270.388763    
   270.685303    
   271.558533    
   272.372803    
   272.982147    
   273.318481    
   273.250061    
   272.658661    
   271.729980    
   271.174683    
   270.863098    
   270.410400    
   270.243683    
   269.901215    
   269.648193    
   269.468201    
   269.421173    
   269.335266    
   269.240387    
   269.132019    
   268.971191    
   268.903229    
   268.799500    
   268.544006    
   268.391998    
   268.577484    
   269.168762    
   269.598602    
   270.270447    
   270.449615    
   270.347412    
   270.056854    
   269.416504    
   269.003632    
   268.744720    
   268.600342    
   268.482727    
   268.399048    
   268.375824    
   268.380402    
   268.470581    
   268.565857    
   268.706299    
   268.755310    
   268.772034    
   268.779083    
   268.786987    
   268.941040    
   269.070251    
   269.334198    
   269.970306    
   270.674438    
   271.365295    
   271.516449    
   271.518463    
   271.441711    
   271.085236    
   270.950226    
   270.840149    
   270.687500    
   270.444489    
   270.299072    
   270.182007    
   270.207397    
   270.293549    
   270.048004    
   269.833862    
   269.716919    
   269.827087    
   269.744476    
   269.614014    
   269.345245    
   269.146362    
   269.511414    
   270.228821    
   270.753357    
   271.263733    
   271.657501    
   271.584106    
   271.022888    
   270.185669    
   269.710846    
   269.378021    
   268.999329    
   268.728912    
   268.379242    
   268.068359    
   267.898926    
   268.012451    
   268.067566    
   268.067322    
   268.052856    
   268.090088    
   268.137970    
   268.122925    
   268.150055    
   268.145813    
   268.500305    
   269.053680    
   269.662079    
   270.121155    
   270.476074    
   270.570007    
   270.411743    
   270.084137    
   269.924927    
   269.881531    
   269.891327    
   269.909454    
   269.853058    
   269.855835    
   269.918060    
   270.005066    
   270.108765    
   270.118317    
   270.141602    
   270.073303    
   270.123322    
   270.218109    
   270.334900    
   270.314575    
   270.665863    
   271.307983    
   271.961029    
   273.168823    
   273.861145    
   273.827393    
   273.303650    
   272.736603    
   272.379669    
   272.240356    
   272.091583    
   272.033234    
   271.919281    
   271.829041    
   271.807037    
   271.865997    
   271.782593    
   271.637024    
   271.511261    
   271.463531    
   271.434509    
   271.310181    
   271.269379    
   271.247284    
   271.606445    
   272.148468    
   272.842682    
   273.476746    
   273.552612    
   273.358246    
   272.990356    
   272.533264    
   272.273926    
   272.175385    
   272.072418    
   272.018555    
   272.001404    
   271.988586    
   271.949982    
   271.932434    
   271.933594    
   271.940826    
   271.955811    
   272.044495    
   272.149200    
   272.203644    
   272.313812    
   272.407959    
   272.682281    
   273.198425    
   273.698486    
   274.216003    
   274.410095    
   274.405884    
   274.198517    
   273.728882    
   273.483887    
   273.502380    
   273.516022    
   273.574341    
   273.638031    
   273.650391    
   273.588806    
   273.614563    
   273.550049    
   273.598206    
   273.464569    
   273.393219    
   273.301880    
   273.249878    
   273.136047    
   273.036194    
   273.366333    
   274.246674    
   275.166931    
   275.960266    
   276.059845    
   275.998688    
   275.651215    
   274.748718    
   274.355316    
   274.088196    
   273.800415    
   273.642303    
   273.481262    
   273.329712    
   273.207886    
   273.043915    
   272.839325    
   272.807312    
   272.764923    
   272.660919    
   272.497192    
   272.334564    
   272.189850    
   272.136932    
   272.282349    
   272.863037    
   273.450287    
   274.315247    
   274.945312    
   274.827271    
   274.417175    
   273.666809    
   273.146210    
   272.969482    
   272.654968    
   272.292297    
   271.741730    
   271.533417    
   271.401001    
   271.256073    
   271.040283    
   270.941833    
   270.868896    
   270.622803    
   270.542236    
   270.416687    
   270.237183    
   270.070068    
   270.505310    
   271.646606    
   272.851959    
   274.085266    
   274.736542    
   274.491638    
   273.891052    
   272.918671    
   272.393372    
   272.117432    
   271.826019    
   271.629608    
   271.457947    
   271.313232    
   271.327759    
   271.216736    
   271.208740    
   271.157135    
   271.059875    
   270.928589    
   270.764313    
   270.612061    
   270.483643    
   270.418365    
   270.740784    
   271.617035    
   272.598724    
   273.515442    
   274.306244    
   274.360291    
   273.793518    
   272.233948    
   271.344727    
   270.858826    
   270.257019    
   269.849762    
   269.519409    
   269.134766    
   268.786102    
   268.665894    
   268.682220    
   268.676178    
   268.728455    
   268.692505    
   268.860718    
   268.874390    
   268.989258    
   269.086090    
   269.675476    
   270.493042    
   271.403259    
   272.139404    
   272.820770    
   273.040161    
   272.484955    
   270.818604    
   269.866913    
   269.502899    
   269.028015    
   268.635193    
   268.190735    
   267.720215    
   267.301300    
   267.026245    
   266.835052    
   266.807373    
   266.902710    
   267.043152    
   267.112915    
   267.204956    
   267.352722    
   267.482544    
   267.868530    
   268.855927    
   269.612213    
   270.414429    
   271.014923    
   271.231689    
   271.092743    
   270.635498    
   270.260681    
   270.163757    
   270.103668    
   270.208679    
   270.004822    
   270.037415    
   270.124023    
   270.112427    
   270.027039    
   270.116638    
   270.072266    
   270.294556    
   270.487213    
   270.554565    
   270.868256    
   271.169373    
   271.679138    
   272.311035    
   272.895599    
   273.482330    
   273.859711    
   274.307953    
   274.331726    
   273.678558    
   273.386017    
   273.276184    
   273.288269    
   273.334930    
   273.363831    
   273.451965    
   273.522217    
   273.660034    
   273.749695    
   273.805328    
   273.927216    
   274.038788    
   274.077637    
   274.094452    
   274.076752    
   274.216339    
   274.541840    
   275.109955    
   275.823730    
   276.917389    
   277.342102    
   277.448364    
   276.856812    
   275.956726    
   275.202789    
   274.759369    
   274.596985    
   274.375702    
   274.230927    
   274.240143    
   274.230591    
   274.323944    
   274.318512    
   274.274414    
   274.296021    
   274.233032    
   274.189575    
   274.063232    
   273.968262    
   273.931458    
   274.419006    
   275.477661    
   276.341125    
   277.484558    
   278.060150    
   278.159637    
   277.417267    
   276.241089    
   275.502930    
   275.278015    
   275.092072    
   275.062958    
   274.969482    
   274.821503    
   274.636841    
   274.650208    
   274.670288    
   274.660217    
   274.543945    
   274.503052    
   274.351074    
   274.270721    
   274.245911    
   274.240295    
   274.839966    
   275.500275    
   276.203430    
   276.834076    
   277.701050    
   277.966492    
   277.557953    
   276.623657    
   275.869873    
   275.687317    
   275.400787    
   275.179199    
   274.695435    
   274.473267    
   274.514526    
   274.593567    
   274.729919    
   274.906982    
   274.927490    
   274.922119    
   274.907013    
   274.888916    
   274.784637    
   274.823883    
   275.385712    
   276.464294    
   277.194458    
   278.106110    
   278.411713    
   278.567566    
   277.953217    
   276.903778    
   275.825195    
   275.357117    
   275.354156    
   275.321838    
   274.728638    
   274.421539    
   274.194611    
   273.895996    
   273.641449    
   273.599060    
   273.674438    
   273.885864    
   274.056671    
   274.112427    
   274.083435    
   274.185364    
   274.653778    
   275.992615    
   277.175537    
   277.886993    
   278.279938    
   278.042114    
   277.192413    
   275.854126    
   274.918579    
   274.314514    
   273.296722    
   272.603302    
   272.208862    
   272.062988    
   272.081207    
   272.414307    
   272.525787    
   272.694275    
   272.754822    
   273.008026    
   273.172791    
   273.236694    
   273.399933    
   273.580261    
   274.210266    
   275.040771    
   275.871826    
   276.732910    
   277.336609    
   277.321228    
   276.821045    
   276.024445    
   275.383484    
   274.886688    
   274.527313    
   274.300323    
   273.881317    
   273.645203    
   273.443390    
   273.182007    
   273.025696    
   272.788513    
   272.632294    
   272.404480    
   272.261139    
   272.220337    
   272.141174    
   272.109894    
   272.878662    
   274.182068    
   275.337341    
   276.478180    
   277.366211    
   277.658600    
   277.046600    
   275.675659    
   274.590668    
   274.059326    
   273.535889    
   273.137817    
   273.007935    
   272.813171    
   272.694000    
   272.434570    
   272.174316    
   272.049225    
   271.892365    
   271.591431    
   271.352966    
   271.196411    
   271.041687    
   271.255646    
   272.279785    
   274.140198    
   275.672089    
   277.100830    
   278.008087    
   278.115112    
   277.584015    
   276.006348    
   274.618927    
   273.910004    
   273.161743    
   272.672211    
   272.382935    
   271.973480    
   271.648071    
   271.262939    
   270.976929    
   270.745850    
   270.576172    
   270.335266    
   270.134644    
   269.982483    
   269.842010    
   270.178711    
   271.369873    
   273.472229    
   275.116760    
   276.573486    
   277.304077    
   277.271301    
   276.573822    
   275.331329    
   274.455261    
   274.086670    
   273.624603    
   273.408081    
   273.240814    
   273.180298    
   273.210175    
   273.420349    
   273.473328    
   273.537994    
   273.641724    
   273.758148    
   273.850098    
   273.899475    
   274.006195    
   274.269897    
   274.832672    
   275.803894    
   276.364258    
   276.756287    
   277.024628    
   277.240234    
   276.906158    
   276.544525    
   276.233429    
   276.132843    
   276.129944    
   276.113525    
   276.028503    
   275.967773    
   275.989868    
   275.978668    
   275.943237    
   276.005371    
   276.104919    
   276.118469    
   276.130981    
   276.198608    
   276.250122    
   276.437897    
   276.625916    
   277.135010    
   277.960693    
   278.232666    
   278.963928    
   278.941406    
   278.837524    
   277.975922    
   276.920227    
   276.135162    
   275.622437    
   275.324036    
   275.085144    
   274.808990    
   274.611603    
   274.315308    
   274.127930    
   274.118805    
   274.400818    
   274.610718    
   274.729736    
   274.786957    
   274.788483    
   274.965302    
   275.521057    
   276.380096    
   277.273621    
   277.525879    
   277.291412    
   276.803802    
   276.454529    
   276.262085    
   276.050964    
   275.814972    
   275.529480    
   275.320801    
   275.292542    
   275.185791    
   275.113525    
   274.991333    
   274.958710    
   275.121582    
   275.303711    
   275.355804    
   275.307556    
   275.294952    
   275.253815    
   275.547913    
   276.114014    
   276.789764    
   277.580078    
   278.472260    
   278.925629    
   278.998230    
   278.688416    
   277.807281    
   276.659271    
   276.097748    
   275.688995    
   275.564545    
   275.581970    
   275.339905    
   275.251648    
   275.230530    
   275.028442    
   274.860748    
   274.698700    
   274.512878    
   274.388733    
   274.328857    
   274.213715    
   274.567566    
   275.639160    
   277.004150    
   277.992981    
   279.076782    
   278.976929    
   278.985382    
   278.657867    
   277.923340    
   277.126312    
   276.707153    
   276.398499    
   276.241028    
   276.183716    
   276.234436    
   276.225586    
   276.224640    
   276.242615    
   276.259583    
   276.232635    
   276.269531    
   276.302277    
   276.424255    
   276.418030    
   276.450500    
   276.612488    
   277.616852    
   279.060486    
   280.160065    
   280.854065    
   281.053650    
   280.542480    
   279.468567    
   278.336487    
   277.913422    
   277.534729    
   277.230225    
   276.994476    
   276.892120    
   276.879669    
   276.815369    
   276.828522    
   276.713654    
   276.497864    
   276.425476    
   276.432068    
   276.305176    
   276.096466    
   276.401367    
   276.971710    
   277.662048    
   278.215179    
   278.758423    
   279.174072    
   279.258331    
   278.821747    
   278.114990    
   277.456482    
   277.048584    
   276.729187    
   276.479126    
   276.118530    
   275.735840    
   275.520020    
   275.367432    
   275.300262    
   275.296844    
   275.309509    
   275.288849    
   275.295410    
   275.236298    
   275.118652    
   275.388000    
   276.242065    
   277.589020    
   278.473206    
   279.667389    
   279.337250    
   279.108582    
   278.946503    
   278.321167    
   277.323975    
   276.672546    
   275.982208    
   275.406342    
   274.674377    
   274.186340    
   273.853271    
   273.346130    
   273.018799    
   272.715240    
   272.454376    
   272.142761    
   272.102295    
   272.177856    
   272.498291    
   273.125854    
   274.204590    
   276.342072    
   278.091125    
   279.112457    
   279.708435    
   279.787231    
   279.591431    
   278.329895    
   276.781433    
   275.920654    
   275.221497    
   274.729980    
   274.402954    
   274.083649    
   273.708405    
   273.424011    
   273.307648    
   273.317413    
   273.468567    
   273.604004    
   273.530090    
   273.508179    
   273.482147    
   273.953613    
   275.368347    
   277.232819    
   278.955963    
   280.217041    
   280.845520    
   280.712402    
   280.122925    
   279.148438    
   278.262207    
   277.725769    
   277.175568    
   276.667053    
   276.343689    
   276.052887    
   276.056183    
   275.824707    
   275.623047    
   275.620178    
   275.609863    
   275.294739    
   275.143463    
   275.116882    
   274.900085    
   274.880676    
   275.497620    
   276.550903    
   278.082611    
   279.148346    
   279.570068    
   279.291199    
   278.458405    
   277.521881    
   276.531799    
   275.962860    
   275.426819    
   275.130371    
   274.596954    
   274.014832    
   273.618347    
   273.147949    
   272.752930    
   272.526123    
   272.364441    
   272.028656    
   271.685486    
   271.590790    
   271.622742    
   272.204346    
   273.676147    
   275.841583    
   277.457947    
   278.795471    
   279.481262    
   279.558289    
   279.124176    
   278.166992    
   276.491699    
   275.621155    
   274.696594    
   274.103607    
   273.609680    
   272.664734    
   271.926788    
   271.370605    
   270.985535    
   270.518860    
   270.030975    
   269.472534    
   269.131012    
   268.867493    
   268.957153    
   270.224487    
   272.166718    
   274.762512    
   277.016357    
   278.959259    
   280.119690    
   280.500519    
   280.110382    
   278.892395    
   277.024750    
   275.785980    
   274.580048    
   273.735321    
   273.190216    
   272.516754    
   272.029480    
   271.443329    
   271.103180    
   270.789886    
   270.477417    
   270.087738    
   269.807159    
   269.571716    
   269.769775    
   270.998749    
   272.943848    
   275.584290    
   277.845306    
   279.723755    
   280.871948    
   281.195007    
   280.611511    
   279.174194    
   277.252777    
   276.217194    
   275.388031    
   274.878326    
   274.389709    
   273.891235    
   273.561218    
   273.182739    
   272.860016    
   272.579224    
   272.257233    
   271.829254    
   271.496399    
   271.243347    
   271.300476    
   272.269470    
   273.958710    
   276.534607    
   278.641266    
   280.384125    
   281.430420    
   281.575470    
   281.129852    
   279.745819    
   277.768280    
   276.601807    
   275.622742    
   274.924377    
   274.326172    
   273.700500    
   273.091553    
   272.755066    
   272.495544    
   272.199036    
   271.891235    
   271.556671    
   271.354431    
   271.116364    
   271.062927    
   271.867126    
   273.044891    
   274.302673    
   275.594177    
   276.330383    
   276.902161    
   276.980652    
   276.342590    
   275.604553    
   274.924957    
   274.539154    
   274.230164    
   274.106140    
   274.025238    
   273.970032    
   273.897156    
   273.926147    
   273.828735    
   273.823853    
   273.762787    
   273.735321    
   273.743347    
   273.700897    
   273.685181    
   274.003418    
   274.800659    
   275.769684    
   276.900177    
   277.728943    
   277.977264    
   278.033661    
   277.698792    
   277.026367    
   275.685944    
   274.845581    
   274.077942    
   273.540466    
   273.129272    
   272.606506    
   272.241028    
   271.892273    
   271.724304    
   271.690887    
   271.615784    
   271.276154    
   271.023102    
   270.846252    
   271.108765    
   271.643280    
   273.097229    
   275.308350    
   277.115784    
   278.545227    
   278.766144    
   278.827606    
   278.207275    
   277.211853    
   275.844666    
   274.942444    
   274.357422    
   274.070740    
   273.892670    
   273.989380    
   274.059235    
   274.071930    
   273.919983    
   273.659241    
   273.540161    
   273.531860    
   273.422791    
   273.392517    
   273.565155    
   274.242859    
   275.439148    
   276.266296    
   277.959015    
   278.638214    
   278.668610    
   278.771545    
   278.584503    
   278.170441    
   276.932739    
   275.935242    
   275.489044    
   275.391876    
   275.064270    
   274.675293    
   274.398346    
   274.115295    
   273.802979    
   273.605103    
   273.350769    
   272.932190    
   272.789642    
   272.626770    
   272.664825    
   273.102173    
   273.819519    
   274.539429    
   274.954437    
   275.300049    
   275.899170    
   275.760742    
   275.495178    
   274.689941    
   273.931122    
   273.351929    
   272.728638    
   272.338837    
   272.077881    
   271.613251    
   271.400635    
   271.022278    
   270.830841    
   270.580444    
   270.366577    
   269.809631    
   269.463562    
   269.155579    
   269.017761    
   269.496643    
   270.622955    
   272.720581    
   274.490509    
   276.084778    
   276.904968    
   276.924988    
   276.299072    
   274.898315    
   272.937744    
   271.483154    
   270.291595    
   269.509064    
   268.953430    
   268.172394    
   267.647675    
   267.016418    
   266.524658    
   266.117950    
   265.733704    
   265.166473    
   264.708496    
   264.330627    
   264.736755    
   266.116547    
   267.949158    
   270.509155    
   272.399811    
   274.176697    
   275.112701    
   275.294189    
   274.837677    
   273.777344    
   272.075958    
   270.811737    
   269.825317    
   269.203979    
   268.811646    
   268.382782    
   268.098389    
   267.592651    
   267.281677    
   266.944702    
   266.658691    
   266.253754    
   265.893951    
   265.608704    
   266.272644    
   267.943726    
   270.055420    
   272.735016    
   274.991180    
   276.933258    
   278.069214    
   278.467865    
   278.099884    
   276.908508    
   274.984375    
   273.532593    
   272.468231    
   271.810913    
   271.299377    
   270.861298    
   270.626282    
   270.209869    
   269.951508    
   270.007751    
   270.065826    
   270.142395    
   270.316986    
   270.510742    
   270.943115    
   271.615021    
   272.985901    
   274.445679    
   276.196869    
   276.687958    
   276.607971    
   276.422241    
   275.877808    
   275.356689    
   274.835480    
   274.302246    
   273.928772    
   273.621185    
   273.387909    
   273.218536    
   272.877563    
   272.495605    
   272.343567    
   272.322754    
   272.438904    
   272.433990    
   272.455811    
   272.458984    
   272.669739    
   273.475464    
   275.152924    
   277.206024    
   279.147156    
   280.006165    
   280.434845    
   280.445374    
   280.034180    
   279.118378    
   278.047211    
   277.087097    
   276.654633    
   276.535248    
   276.352570    
   276.282104    
   276.195404    
   276.160767    
   276.129791    
   276.080536    
   276.032654    
   276.040344    
   276.075348    
   276.108276    
   276.299225    
   276.822327    
   277.463287    
   279.052551    
   280.207275    
   281.165710    
   281.128326    
   281.489594    
   281.436005    
   280.696472    
   279.632019    
   278.642029    
   277.820099    
   277.258118    
   276.520874    
   275.901947    
   275.483154    
   274.984924    
   274.382690    
   273.828979    
   273.356659    
   272.764984    
   272.333313    
   272.009277    
   272.567230    
   274.133270    
   276.088501    
   278.400085    
   280.249756    
   281.829895    
   282.540833    
   282.632172    
   281.989075    
   280.750488    
   279.187988    
   277.820129    
   276.632935    
   275.852112    
   275.144531    
   274.334320    
   273.782166    
   272.844543    
   272.060455    
   271.542206    
   271.097931    
   270.567047    
   270.113678    
   269.869751    
   270.962280    
   272.642120    
   274.487457    
   276.399414    
   278.037476    
   279.616333    
   279.843781    
   279.508240    
   278.705750    
   277.651794    
   276.783173    
   275.997803    
   275.131989    
   274.464050    
   273.612122    
   272.799652    
   272.195404    
   271.518219    
   270.999115    
   270.556824    
   270.174255    
   269.643921    
   269.192352    
   268.820282    
   269.683228    
   271.443665    
   273.436279    
   275.927216    
   277.921021    
   279.637909    
   280.658997    
   280.961853    
   280.547241    
   279.476227    
   277.578339    
   275.560364    
   274.128204    
   273.204346    
   272.498779    
   271.750610    
   271.448425    
   270.694366    
   270.107117    
   269.622894    
   269.291321    
   268.929443    
   268.601440    
   268.365112    
   269.521576    
   271.451813    
   273.654419    
   276.570526    
   278.731323    
   280.671967    
   281.846863    
   282.282074    
   282.018646    
   281.016083    
   279.471558    
   277.681427    
   276.435486    
   275.696198    
   275.180115    
   274.490295    
   274.009033    
   273.344147    
   272.856659    
   272.464966    
   272.135498    
   271.693878    
   271.278809    
   271.022888    
   272.251801    
   274.262085    
   276.582520    
   279.406067    
   281.667664    
   283.572815    
   284.752167    
   285.173584    
   284.865967    
   283.677856    
   281.775330    
   279.678314    
   278.391541    
   277.585754    
   276.957581    
   276.229370    
   275.648438    
   275.060211    
   274.635925    
   274.284668    
   273.976807    
   273.648315    
   273.374023    
   273.142914    
   274.262024    
   276.118103    
   278.255707    
   280.973083    
   283.032166    
   284.900146    
   285.997284    
   286.326508    
   285.953491    
   284.776459    
   283.139648    
   281.396851    
   280.208496    
   279.482178    
   279.030487    
   278.539368    
   278.184235    
   277.747589    
   277.403778    
   277.109619    
   276.851624    
   276.464081    
   276.110992    
   275.873779    
   276.851654    
   278.626495    
   280.577789    
   283.104401    
   285.013000    
   286.819641    
   287.838654    
   288.129639    
   287.755920    
   286.596954    
   284.805725    
   282.563477    
   281.403442    
   280.735443    
   280.015594    
   279.114899    
   278.549164    
   277.831909    
   277.381104    
   277.059998    
   276.720764    
   276.258057    
   275.850647    
   275.573242    
   276.888214    
   278.869934    
   281.043274    
   283.709839    
   285.843689    
   287.562378    
   288.588928    
   288.934021    
   288.523895    
   287.274414    
   285.241089    
   282.904419    
   281.578125    
   280.805115    
   280.198761    
   279.416229    
   278.848755    
   278.195129    
   277.708069    
   277.317719    
   276.984833    
   276.505646    
   276.082581    
   275.850525    
   277.001648    
   279.052979    
   281.310333    
   284.018860    
   286.104187    
   287.764679    
   288.767181    
   289.105988    
   288.765717    
   287.586426    
   285.256104    
   282.501892    
   281.083771    
   280.183319    
   279.426453    
   278.573212    
   277.997559    
   277.605286    
   277.359558    
   277.069214    
   276.767822    
   276.347473    
   275.944611    
   275.709839    
   277.066376    
   279.126831    
   281.390015    
   284.043213    
   286.144470    
   287.753784    
   288.728210    
   289.086121    
   288.910339    
   288.000549    
   286.076416    
   283.557434    
   282.037720    
   280.988373    
   280.145233    
   279.235291    
   278.523285    
   277.766785    
   277.217255    
   276.923767    
   276.530731    
   276.008972    
   275.645172    
   275.664032    
   277.058289    
   278.840149    
   280.833740    
   283.415955    
   285.161591    
   286.528320    
   287.780243    
   288.195343    
   287.531311    
   286.093964    
   284.471252    
   283.275879    
   282.300262    
   281.513855    
   280.967499    
   280.423462    
   279.939636    
   279.488983    
   279.128296    
   278.828949    
   278.581238    
   278.424438    
   278.556702    
   278.687439    
   279.062683    
   279.641968    
   280.101532    
   281.297729    
   281.507141    
   281.391998    
   281.543976    
   282.975067    
   283.339233    
   282.799011    
   281.418213    
   279.734192    
   278.561920    
   277.937683    
   277.410156    
   276.851807    
   276.407318    
   275.959015    
   275.728577    
   275.661438    
   275.456329    
   274.946014    
   274.648499    
   274.409668    
   274.453918    
   275.140656    
   276.009827    
   277.048218    
   277.926788    
   278.238159    
   277.791412    
   277.075043    
   276.883514    
   276.230774    
   275.588287    
   274.529785    
   273.586517    
   273.057983    
   272.670349    
   272.196533    
   271.941162    
   271.508759    
   271.171234    
   270.948029    
   270.711090    
   270.406342    
   270.217743    
   270.334473    
   271.312500    
   272.481995    
   273.182617    
   273.868317    
   273.862305    
   273.889893    
   273.916260    
   273.894745    
   273.570312    
   274.096771    
   274.381653    
   274.410767    
   274.810730    
   275.145691    
   275.301239    
   274.913910    
   274.625854    
   274.328186    
   273.958191    
   273.725220    
   273.963013    
   274.214722    
   274.306091    
   274.368011    
   275.197693    
   276.533844    
   278.399139    
   280.659668    
   281.782501    
   283.267853    
   282.648010    
   282.220062    
   282.013062    
   281.070679    
   279.651733    
   278.493713    
   277.606354    
   276.995483    
   276.471680    
   276.095795    
   275.708344    
   274.873199    
   274.426392    
   273.859772    
   273.410217    
   272.796509    
   272.274719    
   272.046021    
   273.410065    
   275.467194    
   277.521240    
   279.427368    
   280.552521    
   281.611389    
   281.864990    
   282.093750    
   281.794678    
   281.213867    
   280.139313    
   278.565460    
   277.007568    
   276.217987    
   275.758026    
   274.749817    
   274.173035    
   273.746338    
   273.627502    
   273.383698    
   273.072418    
   272.620392    
   272.286438    
   272.462616    
   273.963226    
   276.124878    
   277.321930    
   278.155396    
   278.661713    
   279.500549    
   279.713623    
   279.762726    
   279.275452    
   278.765900    
   278.346863    
   277.685272    
   277.230255    
   276.986908    
   276.778564    
   276.600647    
   276.475525    
   276.325684    
   276.249023    
   276.259399    
   276.238770    
   276.162659    
   276.069427    
   276.002014    
   276.484009    
   277.120850    
   277.957489    
   278.975830    
   280.021820    
   280.937195    
   281.677856    
   281.944519    
   281.267975    
   280.256714    
   279.503052    
   278.710266    
   277.938599    
   277.477325    
   277.165527    
   276.868744    
   276.668640    
   276.465576    
   276.196198    
   275.953796    
   275.796936    
   275.818726    
   275.748352    
   275.748169    
   276.015930    
   276.470337    
   277.121246    
   277.773407    
   278.082581    
   277.951050    
   277.489899    
   277.554352    
   277.316650    
   276.914917    
   276.447418    
   276.187378    
   275.969238    
   275.731873    
   275.603912    
   275.508942    
   275.371826    
   275.255890    
   275.115662    
   274.997742    
   274.895081    
   274.682007    
   274.543945    
   274.583801    
   274.965240    
   275.336304    
   276.549286    
   278.083038    
   278.844116    
   280.221100    
   280.708954    
   280.522034    
   280.361328    
   279.863678    
   279.041840    
   278.036560    
   276.832642    
   276.212921    
   275.815735    
   275.184875    
   274.693451    
   274.160706    
   273.745270    
   273.399933    
   273.145508    
   272.708191    
   272.377167    
   272.496368    
   273.711456    
   275.377991    
   277.741760    
   280.710876    
   282.795502    
   284.422394    
   285.586609    
   285.957245    
   285.273560    
   283.702698    
   282.533234    
   280.609985    
   278.900757    
   277.983398    
   277.323547    
   276.660522    
   276.147125    
   275.663483    
   275.235535    
   274.850189    
   274.495270    
   274.190948    
   273.854797    
   274.044403    
   275.722321    
   277.457031    
   279.804077    
   282.018860    
   283.600250    
   284.509186    
   284.676239    
   283.847321    
   282.803467    
   281.866577    
   280.683624    
   279.601685    
   278.726562    
   278.287781    
   277.972900    
   277.733246    
   277.553711    
   277.395325    
   277.155273    
   277.024841    
   276.977081    
   276.776611    
   276.437439    
   276.434967    
   277.215912    
   278.966125    
   280.860870    
   283.039246    
   284.881775    
   286.022522    
   286.914307    
   287.089874    
   286.568634    
   284.990723    
   283.055084    
   281.272186    
   279.833862    
   278.948883    
   278.175781    
   277.210480    
   276.486023    
   275.996094    
   275.665314    
   275.661774    
   275.674225    
   275.477264    
   275.556396    
   275.819946    
   276.551117    
   277.035889    
   277.495667    
   278.648285    
   279.276978    
   280.561707    
   280.932587    
   281.603088    
   282.081665    
   282.462769    
   281.779175    
   280.930267    
   280.178040    
   279.978546    
   279.721588    
   279.459229    
   279.400818    
   279.159515    
   278.991577    
   278.908051    
   278.945129    
   278.865143    
   278.842041    
   279.194763    
   280.414764    
   282.310791    
   284.021301    
   286.230927    
   287.772736    
   288.535889    
   289.594604    
   289.818542    
   289.415283    
   288.004150    
   286.945374    
   285.949463    
   284.919342    
   284.324432    
   283.956299    
   283.503601    
   283.241089    
   282.951691    
   282.771118    
   282.497284    
   282.203308    
   281.881958    
   281.626312    
   281.615448    
   281.999146    
   282.692963    
   283.746368    
   285.112091    
   286.248840    
   286.983429    
   287.074402    
   287.553711    
   287.784393    
   287.043335    
   285.877960    
   284.983093    
   284.054199    
   283.536499    
   283.088318    
   282.691162    
   282.541718    
   282.438446    
   282.358185    
   282.216003    
   282.067413    
   281.913635    
   281.832336    
   281.873138    
   282.079437    
   282.472900    
   282.438354    
   282.611938    
   282.799255    
   283.271729    
   285.193848    
   285.851257    
   285.393311    
   284.745117    
   284.040222    
   283.338806    
   282.563080    
   282.169006    
   281.932648    
   281.585938    
   281.360870    
   281.177551    
   280.952271    
   280.842041    
   280.701294    
   280.473419    
   280.205017    
   279.926147    
   279.964783    
   280.019592    
   280.342499    
   280.551147    
   280.613251    
   281.113800    
   281.383728    
   281.819946    
   281.396240    
   280.894196    
   280.478210    
   280.074707    
   279.566833    
   279.311523    
   279.059692    
   278.884949    
   278.725494    
   278.638794    
   278.532684    
   278.447998    
   278.369049    
   278.320374    
   278.250000    
   278.369507    
   278.809753    
   279.146912    
   280.167145    
   281.624115    
   282.549438    
   284.571472    
   286.428650    
   286.880737    
   286.293793    
   285.358276    
   284.455200    
   283.466003    
   282.386444    
   281.835571    
   281.403625    
   281.070984    
   280.778870    
   280.513458    
   280.315857    
   280.125427    
   279.980652    
   279.753326    
   279.577454    
   279.609985    
   280.055542    
   280.462494    
   281.137756    
   281.738831    
   282.392578    
   283.165863    
   283.123718    
   283.247467    
   282.768311    
   282.150024    
   281.739471    
   281.124359    
   280.195465    
   279.722137    
   279.632721    
   279.217041    
   279.017090    
   278.853363    
   278.543365    
   278.148132    
   277.840271    
   277.508789    
   277.107086    
   277.546967    
   279.259186    
   281.453003    
   283.460205    
   285.861328    
   287.595245    
   289.280823    
   290.381866    
   290.849884    
   290.691742    
   289.853882    
   288.570770    
   286.710907    
   284.581787    
   283.480408    
   282.786926    
   281.986877    
   281.448029    
   280.923950    
   280.603638    
   280.454987    
   280.256958    
   279.873840    
   279.629456    
   280.105408    
   281.968872    
   284.174438    
   284.820068    
   286.053802    
   288.490417    
   290.345886    
   290.331940    
   288.954895    
   287.863770    
   287.263611    
   286.646698    
   285.926453    
   285.199768    
   284.764465    
   284.460510    
   284.079346    
   283.810455    
   283.532715    
   283.387115    
   283.298218    
   283.217987    
   283.023346    
   282.667786    
   282.359955    
   282.164734    
   282.035889    
   282.456116    
   282.499908    
   282.456512    
   282.253052    
   281.934509    
   281.676971    
   281.350830    
   280.408569    
   280.084595    
   279.713318    
   278.977173    
   278.631653    
   278.399780    
   278.140015    
   277.984161    
   277.693024    
   277.511566    
   277.224182    
   276.965424    
   276.558624    
   276.272430    
   276.645050    
   277.792664    
   278.747620    
   279.282745    
   281.172729    
   282.682129    
   284.108032    
   284.265930    
   284.006592    
   283.703064    
   283.339264    
   282.790863    
   281.832001    
   280.614563    
   280.070923    
   279.822449    
   279.199158    
   278.621399    
   278.038788    
   277.600159    
   277.269104    
   277.023132    
   276.736511    
   276.650879    
   277.334473    
   279.476013    
   281.690369    
   283.659668    
   285.489075    
   286.803192    
   288.175720    
   289.148956    
   289.711060    
   289.741882    
   289.193604    
   287.696594    
   286.085632    
   284.337799    
   283.316956    
   282.732910    
   282.180359    
   281.796112    
   281.598663    
   281.268524    
   280.916473    
   280.596893    
   280.376038    
   280.224976    
   280.535522    
   281.606323    
   283.389465    
   284.992310    
   286.775940    
   287.306946    
   288.895508    
   289.897949    
   291.141663    
   291.168884    
   289.720612    
   289.192627    
   288.038727    
   286.114685    
   285.242401    
   284.592590    
   283.928864    
   283.466797    
   282.884369    
   282.415497    
   282.123749    
   281.743317    
   281.345734    
   281.103302    
   281.624237    
   283.324615    
   285.242554    
   287.367798    
   289.372040    
   290.984802    
   291.990417    
   292.846558    
   293.000122    
   292.474304    
   291.751648    
   290.650879    
   289.157715    
   287.723145    
   286.951660    
   286.315948    
   285.636444    
   285.208130    
   284.747070    
   284.399933    
   284.192596    
   284.233704    
   284.032806    
   283.766571    
   283.511292    
   283.449585    
   283.301727    
   283.061462    
   282.959167    
   282.777557    
   282.678436    
   282.745544    
   283.058441    
   282.906891    
   282.858093    
   282.956451    
   282.947083    
   282.663879    
   282.533203    
   282.186798    
   281.914124    
   281.711365    
   281.253510    
   281.193695    
   281.100098    
   280.963684    
   281.057648    
   281.225616    
   281.653381    
   282.582581    
   282.786072    
   284.052887    
   284.463257    
   285.202759    
   285.702942    
   286.308411    
   286.469360    
   286.140015    
   285.924011    
   285.375671    
   285.060425    
   284.560364    
   284.309723    
   283.841614    
   283.230896    
   282.911926    
   282.345947    
   282.105957    
   281.750214    
   281.667023    
   281.589050    
   281.508545    
   281.934753    
   283.478088    
   285.335358    
   286.720947    
   288.125793    
   288.766724    
   290.460022    
   291.901398    
   292.589722    
   292.990631    
   292.441345    
   290.886841    
   289.820831    
   287.857849    
   286.645874    
   285.958008    
   285.116119    
   284.572052    
   284.114624    
   283.895020    
   283.590698    
   283.437897    
   283.184418    
   283.257812    
   283.723206    
   284.523743    
   285.108398    
   285.734802    
   287.325165    
   288.514374    
   288.899811    
   289.052582    
   288.561554    
   287.680481    
   287.067261    
   286.739258    
   286.344116    
   285.883209    
   285.619537    
   285.485382    
   285.316528    
   285.184540    
   285.095947    
   285.041962    
   285.003174    
   284.960388    
   284.814453    
   284.482727    
   284.821899    
   286.277283    
   288.282013    
   289.972931    
   291.999512    
   293.027100    
   293.562256    
   293.902954    
   293.291779    
   292.098083    
   291.055664    
   290.228424    
   289.609070    
   288.842590    
   288.336151    
   287.859222    
   287.344421    
   287.043915    
   286.755035    
   286.687225    
   286.624146    
   286.610291    
   286.314392    
   286.127289    
   286.528748    
   287.730194    
   288.271210    
   290.502655    
   291.244202    
   291.750885    
   291.871735    
   292.530029    
   292.044464    
   291.773895    
   291.619690    
   291.266724    
   290.504822    
   289.006470    
   288.266724    
   288.136261    
   287.773956    
   287.470428    
   287.080017    
   286.680359    
   286.379883    
   286.121613    
   285.777100    
   285.448578    
   285.537079    
   286.364502    
   287.524902    
   288.657501    
   289.109283    
   290.120300    
   289.731079    
   290.332642    
   291.179443    
   291.818756    
   290.260254    
   288.929779    
   287.772705    
   286.205139    
   285.125061    
   284.266724    
   283.323242    
   282.716522    
   282.015320    
   281.471985    
   280.995667    
   280.552643    
   279.992920    
   279.909210    
   280.906433    
   283.042419    
   285.232574    
   286.817230    
   287.987305    
   288.255859    
   289.654907    
   290.731232    
   290.577881    
   290.467712    
   289.800537    
   289.131836    
   287.743561    
   286.124725    
   285.303040    
   284.628998    
   283.892273    
   283.213135    
   282.810242    
   282.317993    
   281.542511    
   280.973145    
   280.412109    
   280.222046    
   281.239685    
   283.524872    
   285.770691    
   287.771912    
   289.474915    
   289.401062    
   290.148468    
   290.898407    
   292.044312    
   292.018372    
   291.503052    
   290.405182    
   288.746307    
   286.749115    
   285.551239    
   284.774261    
   283.771393    
   282.979767    
   282.180969    
   281.477112    
   280.912231    
   280.427063    
   279.987427    
   279.920776    
   280.773773    
   282.632141    
   284.474213    
   286.101685    
   287.493134    
   288.115601    
   288.596130    
   288.087555    
   288.195557    
   288.728271    
   288.580872    
   287.740356    
   286.622131    
   284.511230    
   283.423157    
   282.890869    
   282.339172    
   281.969849    
   281.382294    
   280.653259    
   280.166931    
   279.498230    
   279.053650    
   279.220337    
   280.405029    
   283.211609    
   285.808472    
   287.983063    
   289.194366    
   290.352844    
   292.018677    
   292.973541    
   292.750183    
   292.505920    
   291.853760    
   290.797058    
   289.320190    
   287.563599    
   286.558167    
   286.051758    
   285.417847    
   284.829651    
   284.181793    
   283.715088    
   283.356018    
   282.925964    
   282.524536    
   282.548828    
   283.485962    
   285.980011    
   288.401917    
   290.458527    
   291.820923    
   293.250275    
   294.333557    
   295.326660    
   295.090332    
   294.297638    
   293.549011    
   292.954803    
   291.715546    
   289.748199    
   288.449158    
   287.662933    
   286.867859    
   286.261475    
   285.617157    
   285.227966    
   284.761292    
   284.402649    
   284.210632    
   284.334991    
   284.857391    
   286.909668    
   288.622894    
   290.700897    
   292.405762    
   293.332581    
   293.692139    
   294.995148    
   295.754211    
   295.742249    
   294.815674    
   293.953461    
   292.467987    
   290.686859    
   289.668671    
   289.121338    
   288.191956    
   287.529022    
   286.811707    
   285.985657    
   285.366699    
   284.951294    
   284.502350    
   284.484985    
   285.128265    
   286.865204    
   288.712341    
   290.298828    
   290.783875    
   292.003204    
   292.526855    
   292.215698    
   291.948669    
   292.049164    
   291.193390    
   289.414581    
   287.784149    
   285.897827    
   284.634094    
   283.815125    
   282.950836    
   282.381775    
   281.702454    
   281.095459    
   280.597839    
   280.173676    
   279.807159    
   279.956787    
   281.031830    
   283.353455    
   285.476440    
   287.204834    
   288.880493    
   289.886322    
   290.807373    
   291.833801    
   291.576233    
   291.047150    
   290.521271    
   289.361298    
   288.564545    
   286.893158    
   285.516113    
   284.533142    
   283.551910    
   282.946503    
   282.331207    
   281.873718    
   281.519897    
   281.235291    
   281.188110    
   281.501282    
   282.269958    
   284.397400    
   286.469269    
   289.277618    
   291.615845    
   293.006592    
   293.228149    
   292.826324    
   292.886322    
   292.596161    
   292.140747    
   291.681458    
   290.962646    
   289.008118    
   287.800323    
   286.931458    
   286.038177    
   285.378906    
   284.872803    
   284.446411    
   284.083160    
   283.745209    
   283.564423    
   283.828003    
   285.048706    
   287.571198    
   289.963226    
   292.157104    
   294.271118    
   295.708588    
   296.828674    
   295.797150    
   294.965118    
   294.478485    
   294.231323    
   293.596527    
   293.016724    
   291.277710    
   289.998535    
   289.208740    
   288.509827    
   287.933868    
   287.555450    
   287.324280    
   287.109741    
   286.875580    
   286.524750    
   286.629547    
   287.392883    
   289.025055    
   290.930115    
   292.955078    
   294.774536    
   295.599030    
   296.146088    
   296.948944    
   297.869263    
   297.590515    
   294.769226    
   293.301544    
   292.629486    
   291.113037    
   290.187561    
   289.639282    
   288.710907    
   288.012787    
   287.237427    
   286.887512    
   286.541748    
   286.184845    
   285.761169    
   285.428497    
   285.601013    
   286.232056    
   287.557648    
   289.616028    
   291.148743    
   291.880951    
   292.247131    
   292.343994    
   292.182861    
   291.310577    
   290.081146    
   288.717468    
   287.669861    
   286.150177    
   285.060059    
   284.425110    
   283.567322    
   282.915588    
   282.232178    
   281.658142    
   281.170654    
   280.755585    
   280.445312    
   280.745880    
   281.897705    
   284.077087    
   286.037262    
   287.189453    
   287.757996    
   287.727875    
   286.839996    
   287.018768    
   287.257446    
   286.691498    
   286.017090    
   286.317322    
   285.931488    
   285.044006    
   284.557495    
   284.269775    
   283.895966    
   283.658569    
   283.376587    
   283.045044    
   282.706268    
   282.558594    
   282.432220    
   282.578766    
   283.038269    
   284.724457    
   286.069489    
   287.971863    
   289.279175    
   291.137085    
   293.017914    
   294.765259    
   295.613831    
   295.856628    
   295.311768    
   293.860107    
   292.383911    
   290.515808    
   289.123627    
   288.131836    
   287.002197    
   286.183075    
   285.521179    
   284.996887    
   284.600647    
   284.293549    
   284.344421    
   284.827942    
   285.546021    
   287.036133    
   288.110657    
   290.687073    
   293.458740    
   295.412842    
   297.089752    
   298.289948    
   298.940704    
   298.452332    
   296.446533    
   294.635986    
   293.514709    
   292.012115    
   291.069458    
   290.692444    
   289.912292    
   289.023346    
   288.005127    
   287.523438    
   287.198242    
   286.829559    
   286.359497    
   286.313354    
   287.168152    
   288.683777    
   289.586060    
   289.804840    
   290.597565    
   291.673462    
   292.921753    
   294.114685    
   295.151672    
   295.793915    
   295.501282    
   294.273163    
   292.700287    
   290.766663    
   289.414246    
   288.502289    
   287.714417    
   287.131012    
   286.407104    
   285.866150    
   285.486816    
   285.166565    
   285.005920    
   285.383087    
   286.444641    
   288.643646    
   290.776825    
   292.670715    
   293.871826    
   294.155426    
   295.422943    
   296.335266    
   296.630524    
   296.887878    
   296.549316    
   295.297394    
   293.895844    
   291.675812    
   290.281067    
   289.399902    
   288.440979    
   287.798096    
   287.318726    
   287.068024    
   286.734650    
   286.470367    
   286.239075    
   286.549805    
   287.496857    
   289.535187    
   291.602905    
   293.710083    
   295.298401    
   296.251526    
   296.692871    
   297.222900    
   297.168182    
   296.394623    
   295.471436    
   294.249451    
   292.717804    
   290.862122    
   289.622131    
   288.936951    
   288.096191    
   287.557220    
   286.795593    
   286.538605    
   286.113434    
   285.791962    
   285.546204    
   285.814606    
   286.694092    
   288.398834    
   290.049561    
   291.629761    
   292.686584    
   293.425201    
   294.148376    
   294.426758    
   294.213989    
   293.605682    
   292.863251    
   291.216553    
   290.611542    
   289.027344    
   287.683899    
   286.896423    
   286.124420    
   285.619598    
   285.202637    
   285.017120    
   284.901917    
   284.773682    
   284.646149    
   284.459534    
   284.305328    
   284.558807    
   284.654999    
   284.690918    
   285.231934    
   285.765442    
   286.456940    
   286.892975    
   287.474670    
   289.325134    
   289.960724    
   289.139984    
   287.627167    
   286.424561    
   285.798920    
   285.201996    
   284.769806    
   284.316895    
   283.921356    
   283.712860    
   283.591339    
   283.336182    
   283.135803    
   283.535400    
   284.757538    
   286.755127    
   288.707642    
   290.428802    
   291.677734    
   291.886993    
   293.017303    
   293.133606    
   292.749725    
   291.893555    
   290.695068    
   290.359009    
   289.846710    
   288.435181    
   287.436127    
   286.950226    
   286.564240    
   286.287933    
   285.523041    
   284.751099    
   284.175323    
   283.819580    
   283.749542    
   284.284149    
   285.541412    
   287.677948    
   288.556458    
   288.532562    
   290.736084    
   291.693298    
   292.699127    
   293.679993    
   294.940430    
   295.276184    
   294.843689    
   292.835693    
   291.347351    
   289.575623    
   288.531128    
   287.926880    
   287.087433    
   286.462067    
   285.702606    
   284.953918    
   284.491211    
   283.920715    
   283.506134    
   283.963104    
   285.205383    
   287.277863    
   289.094299    
   290.866608    
   292.396606    
   292.721252    
   294.116364    
   294.895325    
   295.585022    
   296.135681    
   295.377258    
   294.307526    
   292.939026    
   290.760864    
   288.906860    
   287.916138    
   286.821167    
   285.972198    
   285.037933    
   284.323395    
   283.677704    
   283.217468    
   283.182312    
   283.783630    
   285.310181    
   288.074219    
   290.544891    
   292.489319    
   294.309235    
   295.611542    
   296.699097    
   297.528564    
   297.447632    
   297.394867    
   296.207550    
   295.500885    
   294.018860    
   292.294830    
   290.912231    
   289.710297    
   288.647339    
   287.552002    
   286.438141    
   285.617859    
   284.991760    
   284.436859    
   284.047424    
   284.570526    
   285.608398    
   287.642944    
   289.602234    
   291.326599    
   292.971283    
   294.035034    
   295.052277    
   295.912292    
   296.566467    
   296.439636    
   295.573151    
   294.353119    
   292.591034    
   290.324036    
   288.817932    
   287.566498    
   286.458008    
   285.712677    
   284.905396    
   284.379578    
   283.983551    
   283.385864    
   283.196045    
   283.495972    
   284.135651    
   286.254181    
   287.043762    
   289.334564    
   290.531982    
   291.392700    
   292.349670    
   293.535187    
   293.888641    
   294.183777    
   293.744751    
   293.068054    
   291.954590    
   290.368103    
   288.885834    
   287.824829    
   286.809174    
   286.162079    
   285.600159    
   285.172485    
   284.808594    
   284.583466    
   284.475464    
   284.535645    
   284.884613    
   286.260376    
   288.028198    
   289.412628    
   290.273010    
   289.968811    
   289.272675    
   288.695923    
   288.370880    
   288.355774    
   287.907043    
   287.467224    
   286.975769    
   286.085815    
   285.310730    
   284.882629    
   284.346741    
   283.895691    
   283.567566    
   283.240021    
   282.683228    
   282.391663    
   282.243896    
   282.729797    
   283.533569    
   285.201294    
   287.193542    
   289.092560    
   289.912628    
   290.598938    
   291.579041    
   291.688416    
   291.462830    
   291.075806    
   290.560120    
   289.837830    
   289.100037    
   288.433868    
   287.731262    
   287.344086    
   286.865997    
   286.537659    
   286.110474    
   285.671082    
   285.233948    
   284.849579    
   284.622192    
   285.010956    
   286.037476    
   288.930237    
   291.674103    
   293.866669    
   295.871582    
   297.205078    
   297.937256    
   298.293335    
   297.472076    
   296.102234    
   294.937592    
   293.554352    
   292.539764    
   291.485077    
   290.584381    
   289.990204    
   289.497986    
   289.138794    
   288.646057    
   288.206421    
   287.831482    
   287.506470    
   287.211945    
   287.056061    
   287.052917    
   287.316895    
   287.736938    
   288.484344    
   289.634338    
   290.298218    
   291.157623    
   292.157562    
   292.421143    
   292.410553    
   291.937134    
   292.073914    
   290.857300    
   289.390961    
   287.922852    
   287.173584    
   286.570068    
   286.233917    
   285.739410    
   285.230255    
   284.844147    
   284.450256    
   284.465881    
   285.116028    
   285.875610    
   286.549103    
   286.934448    
   288.223755    
   289.329132    
   289.530701    
   289.070404    
   289.308380    
   288.930908    
   289.918304    
   290.856995    
   290.675995    
   289.848938    
   288.249146    
   286.972961    
   286.249176    
   285.491028    
   284.852112    
   284.107239    
   283.629333    
   283.284332    
   282.985413    
   283.003693    
   283.856018    
   285.118896    
   287.416016    
   289.362366    
   290.796570    
   292.276520    
   292.959778    
   293.764496    
   294.906586    
   295.830872    
   295.625671    
   295.536682    
   294.232635    
   292.915344    
   291.141205    
   289.375305    
   288.442841    
   287.375336    
   286.649353    
   285.784180    
   285.152466    
   284.686707    
   284.314331    
   284.487671    
   285.383362    
   287.028870    
   289.886169    
   292.540741    
   294.624756    
   296.298798    
   297.453949    
   298.727356    
   300.266205    
   300.843414    
   300.471710    
   298.880310    
   297.437073    
   296.315857    
   294.786682    
   293.674377    
   293.063477    
   292.432495    
   291.945923    
   291.521118    
   291.269287    
   291.017639    
   290.685852    
   290.474365    
   290.317749    
   290.262970    
   290.810394    
   291.130768    
   291.308838    
   292.645569    
   293.005341    
   293.618103    
   294.376465    
   293.722839    
   293.614197    
   292.758942    
   292.402405    
   292.248169    
   291.842041    
   291.497070    
   291.224854    
   290.859985    
   290.654358    
   290.303650    
   289.889526    
   289.500793    
   289.015717    
   288.965790    
   289.609192    
   290.952942    
   292.860352    
   294.702057    
   295.490387    
   296.591187    
   298.079559    
   298.946838    
   298.533020    
   299.516296    
   300.061401    
   299.607849    
   298.877350    
   297.721191    
   296.419250    
   295.182312    
   294.367615    
   293.585663    
   292.889923    
   292.272217    
   291.853729    
   291.556335    
   291.446442    
   291.531647    
   291.721497    
   291.949860    
   292.802765    
   293.995911    
   296.706421    
   298.366974    
   299.975403    
   300.681122    
   302.231262    
   302.900818    
   302.948425    
   303.308838    
   302.414978    
   300.665405    
   298.821106    
   297.511139    
   296.643585    
   295.762756    
   295.158936    
   294.515137    
   294.018646    
   293.606903    
   293.223572    
   293.152771    
   293.599640    
   294.476746    
   295.613708    
   296.061646    
   296.281128    
   296.290741    
   296.081116    
   296.430756    
   297.409210    
   298.679443    
   299.608337    
   298.893066    
   297.345184    
   296.067505    
   294.949707    
   293.372345    
   292.333557    
   291.262268    
   290.520325    
   289.778625    
   289.201080    
   288.719482    
   288.287079    
   288.386261    
   289.195007    
   290.743286    
   293.053925    
   295.267212    
   297.172424    
   298.438751    
   298.571625    
   299.222778    
   299.362427    
   300.554260    
   300.799225    
   300.282684    
   299.316101    
   298.656311    
   296.782745    
   295.014374    
   293.998016    
   292.943512    
   292.055481    
   291.427155    
   290.963348    
   290.617065    
   290.334412    
   290.382721    
   290.580597    
   291.216248    
   291.643982    
   292.964325    
   295.379944    
   296.883484    
   297.853760    
   298.748810    
   299.938690    
   300.132446    
   300.109955    
   299.567078    
   298.795227    
   297.662109    
   296.154480    
   294.746155    
   293.580719    
   292.579254    
   291.717529    
   290.797943    
   290.046509    
   289.494385    
   289.066162    
   289.164795    
   289.962158    
   291.434753    
   293.892151    
   296.046570    
   297.214294    
   297.830688    
   298.637451    
   299.784058    
   300.469452    
   300.523224    
   299.886658    
   299.496582    
   298.989655    
   298.144348    
   296.347137    
   294.935150    
   293.963379    
   292.824249    
   291.978058    
   290.958008    
   290.210205    
   289.694458    
   289.314148    
   289.350616    
   290.096619    
   291.571259    
   294.014435    
   296.230133    
   297.889252    
   299.123169    
   299.804077    
   301.068176    
   302.421844    
   303.379791    
   303.556610    
   303.220642    
   302.157349    
   300.899475    
   298.594299    
   296.172089    
   294.765167    
   293.347778    
   292.308167    
   291.413757    
   290.633453    
   290.079620    
   289.666534    
   290.007935    
   290.734192    
   292.308105    
   294.959900    
   297.579254    
   299.574097    
   301.270386    
   302.312866    
   302.919647    
   304.457336    
   305.795654    
   306.207031    
   305.963013    
   304.965393    
   303.566010    
   300.954224    
   298.618103    
   297.078796    
   295.366638    
   294.089478    
   292.992859    
   292.249359    
   291.625946    
   291.160095    
   291.524902    
   292.454803    
   293.958618    
   296.738190    
   299.222137    
   301.406250    
   303.306244    
   304.171570    
   304.844360    
   305.233673    
   305.996552    
   305.719543    
   305.081543    
   304.198914    
   303.584869    
   301.760406    
   299.947693    
   298.877258    
   297.875397    
   297.210083    
   296.736816    
   296.258667    
   295.917053    
   295.523987    
   295.627625    
   296.017059    
   297.182739    
   299.005035    
   300.867065    
   302.837524    
   304.158203    
   304.962250    
   305.900208    
   307.007019    
   307.934937    
   308.238708    
   307.657104    
   306.587036    
   305.339081    
   303.330597    
   301.286072    
   299.962891    
   298.409363    
   297.439880    
   296.472839    
   295.792480    
   295.268860    
   294.697693    
   294.823120    
   295.655579    
   297.202148    
   299.378418    
   301.410522    
   302.626984    
   303.192322    
   303.859772    
   304.073242    
   304.820496    
   304.952332    
   305.284058    
   304.605896    
   304.289734    
   303.273163    
   301.466705    
   300.165833    
   299.183563    
   298.026764    
   297.300842    
   296.896210    
   296.521759    
   296.204529    
   295.888336    
   295.788757    
   295.660675    
   296.220886    
   297.819214    
   299.945953    
   300.498108    
   301.464600    
   302.907776    
   304.153748    
   304.485809    
   304.982117    
   305.484070    
   304.882935    
   303.717163    
   303.118408    
   301.500916    
   299.640533    
   298.531860    
   297.352417    
   296.478149    
   295.730011    
   295.219147    
   294.829041    
   294.404663    
   294.274689    
   294.719849    
   295.967712    
   297.803894    
   299.668121    
   301.373413    
   302.162048    
   302.137146    
   302.042999    
   302.143433    
   302.389374    
   302.474396    
   301.819214    
   301.855652    
   300.983765    
   299.674774    
   298.203308    
   297.407501    
   296.432800    
   295.621765    
   294.847961    
   294.312225    
   293.852478    
   293.404388    
   293.412598    
   294.013916    
   295.188904    
   297.605255    
   299.824646    
   301.023926    
   302.762451    
   303.147705    
   303.765259    
   304.286926    
   304.944000    
   304.731018    
   304.371735    
   302.727295    
   300.599670    
   298.898590    
   297.815857    
   296.876038    
   295.731781    
   294.769073    
   293.716492    
   292.920776    
   292.166077    
   291.487030    
   291.201080    
   291.798828    
   292.766174    
   294.407471    
   295.264343    
   294.735687    
   295.252502    
   295.446289    
   296.360962    
   296.591370    
   297.416443    
   297.269928    
   297.981232    
   297.540283    
   297.012939    
   295.479309    
   294.070160    
   293.307739    
   292.587036    
   291.877014    
   291.142609    
   290.654449    
   290.264404    
   289.931793    
   290.000061    
   290.772125    
   292.191620    
   294.479553    
   296.763763    
   298.476013    
   299.953339    
   299.882019    
   300.067261    
   300.783630    
   301.688202    
   301.561951    
   301.871490    
   301.664734    
   300.435333    
   298.497711    
   296.584259    
   295.416077    
   294.153900    
   293.239319    
   292.331726    
   291.621979    
   291.040588    
   290.568542    
   290.702911    
   291.522064    
   292.926941    
   295.350952    
   297.603241    
   299.427338    
   300.787872    
   301.377045    
   300.950806    
   299.307007    
   298.961487    
   299.452637    
   300.075470    
   298.952911    
   297.891479    
   296.400574    
   295.148468    
   294.091095    
   293.080994    
   292.404510    
   291.620972    
   290.966553    
   290.446991    
   290.131317    
   290.179077    
   290.954224    
   292.435211    
   294.844330    
   296.789795    
   298.238464    
   299.366852    
   299.295837    
   299.885986    
   300.534851    
   300.221893    
   299.539673    
   299.654327    
   299.779419    
   299.052856    
   297.338959    
   295.900482    
   295.095154    
   294.280609    
   293.655731    
   292.980164    
   292.509094    
   292.068665    
   291.611053    
   291.511627    
   292.044617    
   293.242615    
   294.875641    
   296.411865    
   295.939514    
   297.089478    
   297.139221    
   298.530212    
   298.929016    
   298.806274    
   299.531921    
   299.150940    
   298.677155    
   297.897644    
   296.888702    
   296.034027    
   295.608582    
   294.857300    
   294.516449    
   293.881592    
   293.248535    
   292.861694    
   292.352417    
   291.969055    
   291.701691    
   291.518097    
   291.390198    
   291.375397    
   291.527405    
   292.533783    
   294.345612    
   296.239929    
   297.461792    
   298.714996    
   299.059021    
   299.667542    
   299.646118    
   298.695923    
   296.768463    
   294.956909    
   293.639862    
   292.534912    
   291.997223    
   291.770660    
   291.930084    
   291.725128    
   291.461761    
   291.452942    
   291.349365    
   291.477539    
   292.506287    
   294.002838    
   294.590088    
   296.570923    
   296.964539    
   296.048553    
   295.415955    
   294.878296    
   294.166992    
   293.927246    
   293.572693    
   293.718262    
   293.225708    
   292.477539    
   291.820618    
   291.280060    
   291.011108    
   290.928284    
   290.683319    
   290.445953    
   290.224426    
   290.051666    
   290.026276    
   290.004150    
   290.284790    
   290.439423    
   291.181610    
   292.266296    
   293.747925    
   295.903320    
   297.175262    
   297.269836    
   296.878601    
   297.448822    
   297.084229    
   296.587402    
   295.263458    
   294.041840    
   293.255615    
   292.392731    
   291.623749    
   290.769226    
   290.143463    
   289.654602    
   289.235535    
   289.374115    
   290.219788    
   291.730072    
   294.266693    
   296.537781    
   298.334106    
   299.943604    
   300.961548    
   302.295959    
   303.542450    
   304.657288    
   305.107361    
   304.905029    
   304.069031    
   302.745331    
   300.608368    
   298.495117    
   297.091980    
   295.619629    
   294.649231    
   293.721466    
   292.983673    
   292.372681    
   291.751190    
   292.048065    
   292.854218    
   294.422363    
   296.814514    
   299.182556    
   300.734772    
   302.359680    
   303.283020    
   304.500702    
   305.650421    
   306.632874    
   307.032654    
   306.811340    
   305.947662    
   304.669922    
   302.592133    
   300.590332    
   299.366272    
   298.006226    
   297.033447    
   296.098206    
   295.383179    
   294.808655    
   294.282593    
   294.445984    
   295.237061    
   296.767029    
   299.367859    
   301.674866    
   303.542236    
   304.886993    
   305.439789    
   306.325928    
   307.568085    
   308.997070    
   308.553101    
   308.595184    
   307.852539    
   306.808075    
   304.779816    
   302.616943    
   301.201355    
   299.691528    
   298.674072    
   297.671936    
   296.894470    
   296.304535    
   295.749786    
   296.081329    
   297.026855    
   298.729553    
   301.434448    
   303.875000    
   305.788666    
   307.497223    
   308.598999    
   309.845215    
   311.182220    
   312.041626    
   311.832703    
   310.712280    
   309.870728    
   308.658386    
   306.738800    
   304.512634    
   303.131866    
   301.755798    
   300.862061    
   300.043671    
   299.372864    
   298.822021    
   298.315552    
   298.427185    
   299.184662    
   300.679779    
   303.300720    
   305.512909    
   307.402954    
   308.906647    
   309.245209    
   309.980988    
   311.292816    
   311.994141    
   312.579407    
   312.531036    
   311.619843    
   309.616669    
   307.512878    
   305.840149    
   304.615173    
   303.196686    
   302.189880    
   301.217682    
   300.454468    
   299.829041    
   299.327393    
   299.184937    
   299.737518    
   300.953766    
   302.965668    
   304.656738    
   306.044556    
   307.192444    
   307.935333    
   308.606812    
   309.458160    
   310.197510    
   310.355530    
   309.834473    
   308.660828    
   307.101257    
   304.600067    
   302.220032    
   300.716827    
   299.112701    
   298.007782    
   296.633972    
   295.753784    
   295.100281    
   294.464539    
   294.390381    
   295.057678    
   296.433594    
   298.905090    
   300.950378    
   302.571533    
   304.043518    
   304.914215    
   306.062500    
   307.348907    
   308.384857    
   308.688660    
   308.429352    
   307.527924    
   306.037689    
   303.601257    
   301.228119    
   299.729004    
   298.073578    
   296.814667    
   295.506714    
   294.508728    
   293.750122    
   293.140533    
   293.383118    
   294.204590    
   295.728302    
   298.462585    
   300.606781    
   302.276794    
   303.729370    
   304.502686    
   305.450897    
   306.483643    
   307.292450    
