   292.160370    
   292.159698    
   292.159729    
   292.159729    
   292.159760    
   292.159821    
   292.159698    
   292.159729    
   292.159790    
   292.159821    
   292.159851    
   292.159851    
   292.159821    
   292.159882    
   292.159851    
   292.159851    
   292.159821    
   292.159851    
   292.159790    
   292.159882    
   292.159851    
   292.159973    
   292.159729    
   292.159698    
   292.159821    
   292.159851    
   292.159882    
   292.159851    
   292.160095    
   292.159943    
   292.159943    
   292.160004    
   292.159912    
   292.159912    
   292.159943    
   292.160004    
   292.160095    
   292.160065    
   292.160004    
   292.160034    
   292.160034    
   292.160034    
   292.159973    
   292.160065    
   292.159973    
   292.159851    
   292.160004    
   292.159973    
   292.160065    
   292.160004    
   292.160004    
   292.160065    
   292.159973    
   292.160034    
   289.314575    
   289.160126    
   289.159943    
   289.159912    
   289.160034    
   289.160095    
   289.160065    
   289.160034    
   291.958893    
   292.159576    
   292.160065    
   292.159973    
   292.159973    
   292.160004    
   292.159973    
   292.159912    
   292.160004    
   292.160034    
   292.159973    
   292.160065    
   292.160034    
   292.160004    
   292.160004    
   292.160034    
   289.361755    
   289.160339    
   289.159943    
   289.159912    
   289.160004    
   289.160065    
   289.160065    
   289.160095    
   292.006561    
   292.159851    
   292.159973    
   292.160004    
   292.160065    
   292.160004    
   292.160034    
   292.159943    
   292.160065    
   292.160004    
   292.159943    
   292.159973    
   292.160004    
   292.160034    
   292.160004    
   292.160004    
   289.533112    
   289.161011    
   289.159973    
   289.160004    
   289.160034    
   289.160065    
   289.160004    
   289.159943    
   291.925903    
   292.159790    
   292.159882    
   292.160004    
   292.160065    
   292.160004    
   292.160034    
   292.159973    
   292.159973    
   292.159973    
   292.160004    
   292.159973    
   292.160004    
   292.160034    
   292.160034    
   292.160034    
   289.552948    
   289.161224    
   289.160004    
   289.160004    
   289.160004    
   289.160126    
   289.160156    
   289.160126    
   291.919342    
   292.159790    
   292.160004    
   292.160004    
   292.160156    
   292.160004    
   292.159973    
   292.159943    
   292.160004    
   292.160004    
   292.159943    
   292.160065    
   292.160034    
   292.160004    
   292.160095    
   292.160034    
   289.565277    
   289.161407    
   289.160034    
   289.159973    
   289.160156    
   289.160095    
   289.160065    
   289.160095    
   291.903961    
   292.159760    
   292.160065    
   292.160004    
   292.159973    
   292.160095    
   292.160034    
   292.160004    
   292.160065    
   292.160034    
   292.160034    
   292.160034    
   292.159943    
   292.160004    
   292.160065    
   292.160004    
   292.159882    
   292.159851    
   292.159943    
   292.159943    
   292.160004    
   292.160065    
   292.160095    
   292.160065    
   292.160034    
   292.160004    
   292.160034    
   292.160034    
   292.160065    
   292.159973    
   292.160065    
   292.159943    
   292.160034    
   292.160065    
   292.160126    
   292.160095    
   292.160004    
   292.160034    
   292.160034    
   292.159973    
   292.159973    
   292.159882    
   292.159912    
   292.159943    
   292.160034    
   292.160065    
   292.160065    
   292.160065    
   292.160034    
   292.160034    
   292.160065    
   292.160004    
   292.160004    
   292.160004    
   292.159973    
   292.159973    
   292.159973    
   292.160004    
   292.160034    
   292.160004    
   292.160065    
   292.160065    
   292.160034    
   292.159973    
   289.496918    
   289.160767    
   289.159943    
   289.159973    
   289.160034    
   289.160065    
   289.160095    
   289.160095    
   291.859772    
   292.159546    
   292.160034    
   292.160065    
   292.160034    
   292.160004    
   292.159973    
   292.160034    
   292.160004    
   292.159943    
   292.159973    
   292.160156    
   292.160004    
   292.160004    
   292.160095    
   292.160065    
   289.553436    
   289.161255    
   289.160004    
   289.159943    
   289.160004    
   289.160065    
   289.160065    
   289.160126    
   291.882202    
   292.159668    
   292.160034    
   292.159973    
   292.160034    
   292.160065    
   292.159973    
   292.160004    
   292.160004    
   292.160004    
   292.160065    
   292.160065    
   292.159973    
   292.160004    
   292.160065    
   292.160065    
   289.574554    
   289.161469    
   289.160004    
   289.159912    
   289.160065    
   289.160095    
   289.160126    
   289.160187    
   291.906281    
   292.159698    
   292.160065    
   292.160034    
   292.160004    
   292.160034    
   292.160034    
   292.159973    
   292.160034    
   292.160034    
   292.159973    
   292.160095    
   292.160065    
   292.160095    
   292.160156    
   292.160126    
   289.576599    
   289.161316    
   289.159912    
   289.159790    
   289.160065    
   289.160095    
   289.159973    
   289.159821    
   291.941101    
   292.159790    
   292.159851    
   292.159943    
   292.159973    
   292.159882    
   292.159973    
   292.159912    
   292.159882    
   292.160004    
   292.160004    
   292.159851    
   292.160004    
   292.160034    
   292.159973    
   292.160034    
   289.561676    
   289.161316    
   289.160004    
   289.159943    
   289.160004    
   289.160126    
   289.160095    
   289.160095    
   291.952454    
   292.159851    
   292.160065    
   292.160095    
   292.160034    
   292.160034    
   292.160004    
   292.160034    
   292.160004    
   292.159973    
   292.159973    
   292.160034    
   292.160034    
   292.160034    
   292.160034    
   292.160004    
   292.159973    
   292.159943    
   292.160004    
   292.159943    
   292.160065    
   292.160034    
   292.160187    
   292.160095    
   292.160004    
   292.160004    
   292.159973    
   292.160004    
   292.159973    
   292.160004    
   292.160034    
   292.160004    
   292.160004    
   292.159973    
   292.160034    
   292.160034    
   292.160034    
   292.160004    
   292.160004    
   292.160034    
   292.159943    
   292.159912    
   292.159973    
   292.159821    
   292.160034    
   292.160126    
   292.160095    
   292.160248    
   292.160095    
   292.160065    
   292.160065    
   292.160034    
   292.160065    
   292.160095    
   292.160065    
   292.160004    
   292.160065    
   292.160004    
   292.160004    
   292.160004    
   292.159973    
   292.160004    
   292.159973    
   292.160004    
   289.477692    
   289.160583    
   289.160004    
   289.159973    
   289.159973    
   289.160034    
   289.159973    
   289.160065    
   291.874664    
   292.159607    
   292.160004    
   292.160004    
   292.160004    
   292.160004    
   292.160004    
   292.160065    
   292.160004    
   292.159912    
   292.160065    
   292.160034    
   292.160004    
   292.160034    
   292.160095    
   292.160095    
   289.527893    
   289.161011    
   289.160004    
   289.159973    
   289.160004    
   289.160065    
   289.160095    
   289.160126    
   291.685028    
   292.159332    
   292.160065    
   292.160034    
   292.160126    
   292.160156    
   292.160065    
   292.160034    
   292.160095    
   292.160004    
   292.159973    
   292.160095    
   292.160065    
   292.160004    
   292.160126    
   292.160034    
   289.786774    
   289.161926    
   289.159790    
   289.159851    
   289.160034    
   289.160034    
   289.160217    
   289.160217    
   291.704376    
   292.159424    
   292.159943    
   292.160034    
   292.159943    
   292.159912    
   292.160004    
   292.159943    
   292.160004    
   292.160004    
   292.160034    
   292.160004    
   292.159973    
   292.160034    
   292.159973    
   292.160004    
   289.782013    
   289.162048    
   289.160004    
   289.159912    
   289.160004    
   289.160034    
   289.160034    
   289.160065    
   291.730072    
   292.159576    
   292.160034    
   292.160034    
   292.160065    
   292.160004    
   292.160004    
   292.160004    
   292.160004    
   292.160004    
   292.160004    
   292.160004    
   292.160034    
   292.160034    
   292.160065    
   292.160034    
   289.788879    
   289.162140    
   289.160034    
   289.159973    
   289.160004    
   289.160034    
   289.160004    
   289.160126    
   291.731293    
   292.159576    
   292.159973    
   292.160034    
   292.160156    
   292.160004    
   292.160065    
   292.160065    
   292.159973    
   292.160004    
   292.160034    
   292.160004    
   292.160034    
   292.160034    
   292.160034    
   292.159973    
   292.159973    
   292.159882    
   292.159943    
   292.159912    
   292.160004    
   292.160034    
   292.160065    
   292.160126    
   292.160034    
   292.160065    
   292.160065    
   292.160004    
   292.160034    
   292.160065    
   292.160065    
   292.160065    
   292.160004    
   292.160065    
   292.160004    
   292.160004    
   292.159943    
   292.159973    
   292.160004    
   292.160034    
   292.160004    
   292.159882    
   292.159912    
   292.159912    
   292.159973    
   292.160034    
   292.160095    
   292.160126    
   292.159973    
   292.160034    
   292.160065    
   292.160004    
   292.160004    
   292.160034    
   292.160004    
   292.160065    
   292.160065    
   292.160034    
   292.160004    
   292.160034    
   292.160126    
   292.159973    
   292.160095    
   292.160065    
   289.730530    
   289.161469    
   289.159912    
   289.160034    
   289.160034    
   289.160065    
   289.160156    
   289.160187    
   291.614471    
   292.158905    
   292.160095    
   292.159973    
   292.160095    
   292.160034    
   292.160034    
   292.160004    
   292.160065    
   292.160004    
   292.160065    
   292.160034    
   292.159973    
   292.160065    
   292.160095    
   292.160034    
   289.768677    
   289.161835    
   289.159973    
   289.159882    
   289.160034    
   289.160065    
   289.160065    
   289.160156    
   291.684631    
   292.159393    
   292.160034    
   292.160004    
   292.160034    
   292.160004    
   292.160004    
   292.159973    
   292.159973    
   292.159973    
   292.160004    
   292.160004    
   292.160004    
   292.160004    
   292.159943    
   292.160004    
   289.780457    
   289.161987    
   289.159943    
   289.159912    
   289.160034    
   289.160065    
   289.160004    
   289.160065    
   291.709808    
   292.159515    
   292.160065    
   292.160065    
   292.160034    
   292.160034    
   292.159973    
   292.159973    
   292.160095    
   292.160065    
   292.160004    
   292.159912    
   292.160065    
   292.160065    
   292.160034    
   292.160034    
   289.798004    
   289.162231    
   289.159973    
   289.159973    
   289.159973    
   289.160095    
   289.160156    
   289.160187    
   291.717163    
   292.159576    
   292.160095    
   292.160034    
   292.160095    
   292.160065    
   292.160034    
   292.159943    
   292.159973    
   292.160004    
   292.160004    
   292.160034    
   292.160004    
   292.160034    
   292.160004    
   292.160034    
   289.790558    
   289.162109    
   289.159943    
   289.159973    
   289.159943    
   289.160004    
   289.160065    
   289.160095    
   291.734497    
   292.159607    
   292.160004    
   292.160065    
   292.160004    
   292.160004    
   292.159973    
   292.160004    
   292.159973    
   292.160034    
   292.159973    
   292.160034    
   292.159973    
   292.160004    
   292.160004    
   292.160065    
   292.159943    
   292.159882    
   292.159973    
   292.159851    
   292.160004    
   292.160095    
   292.160095    
   292.160065    
   292.160065    
   292.160034    
   292.160065    
   292.160004    
   292.160065    
   292.160034    
   292.160004    
   292.159973    
   292.160034    
   292.160065    
   292.160004    
   292.160034    
   292.160034    
   292.160095    
   292.160034    
   292.160034    
   292.159943    
   292.159943    
   292.159973    
   292.159912    
   292.160034    
   292.160065    
   292.160126    
   292.160126    
   292.160004    
   292.159973    
   292.160004    
   292.160004    
   292.160004    
   292.160034    
   292.160004    
   292.159973    
   292.160004    
   292.160004    
   292.160004    
   292.159973    
   292.159973    
   292.160034    
   292.159973    
   292.160004    
   289.814911    
   289.179962    
   289.160461    
   289.159973    
   289.160004    
   289.160034    
   289.160095    
   289.160126    
   291.659698    
   292.159210    
   292.160004    
   292.159973    
   292.159973    
   292.160004    
   292.160004    
   292.160004    
   292.160034    
   292.160004    
   292.160034    
   292.160034    
   292.160034    
   292.160065    
   292.160034    
   292.160034    
   289.749329    
   289.161530    
   289.159882    
   289.159851    
   289.160065    
   289.160034    
   289.160065    
   289.160217    
   291.677216    
   292.159393    
   292.160065    
   292.160034    
   292.160034    
   292.160004    
   292.160004    
   292.159973    
   292.160034    
   292.159973    
   292.160004    
   292.160034    
   292.160004    
   292.160065    
   292.160004    
   292.160004    
   289.774475    
   289.161835    
   289.159973    
   289.159882    
   289.159912    
   289.160065    
   289.160065    
   289.160126    
   291.677368    
   292.159332    
   292.160065    
   292.160065    
   292.160156    
   292.159973    
   292.159973    
   292.160034    
   292.160034    
   292.160034    
   292.160004    
   292.160065    
   292.160004    
   292.160004    
   292.160065    
   292.160004    
   289.784088    
   289.161926    
   289.159882    
   289.159790    
   289.159973    
   289.160095    
   289.160095    
   289.160187    
   291.682983    
   292.159363    
   292.160065    
   292.160034    
   292.160034    
   292.160034    
   292.159943    
   292.160034    
   292.160004    
   292.160034    
   292.160004    
   292.160034    
   292.160065    
   292.160034    
   292.160034    
   292.160034    
   289.787994    
   289.162018    
   289.159882    
   289.159912    
   289.159943    
   289.160095    
   289.160156    
   289.160309    
   291.688995    
   292.159424    
   292.160126    
   292.160034    
   292.160034    
   292.160065    
   292.160034    
   292.160004    
   292.159943    
   292.160004    
   292.159973    
   292.159973    
   292.159973    
   292.160004    
   292.159973    
   292.160004    
   292.159943    
   292.159882    
   292.159882    
   292.159943    
   292.160004    
   292.160065    
   292.160187    
   292.160400    
   292.160034    
   292.160004    
   292.160095    
   292.160065    
   292.160065    
   292.160095    
   292.160034    
   292.160034    
   292.160004    
   292.159973    
   292.159973    
   292.159973    
   292.160034    
   292.159943    
   292.159973    
   292.160004    
   292.159943    
   292.159821    
   292.159943    
   292.159882    
   292.160004    
   292.160065    
   292.160095    
   292.160126    
   292.160065    
   292.159973    
   292.160004    
   292.159973    
   292.160065    
   292.160004    
   292.160034    
   292.160004    
   292.160004    
   292.159973    
   292.160034    
   292.159912    
   292.159973    
   292.160004    
   292.159912    
   292.160004    
   289.752899    
   289.161194    
   289.159973    
   289.159943    
   289.160004    
   289.160004    
   289.160095    
   289.160156    
   291.670105    
   292.159302    
   292.160004    
   292.159973    
   292.160004    
   292.159973    
   292.160004    
   292.160004    
   292.160004    
   292.160034    
   292.159973    
   292.160034    
   292.160004    
   292.159973    
   292.160034    
   292.159973    
   289.906067    
   289.164764    
   289.159943    
   289.159851    
   289.160034    
   289.160065    
   289.160187    
   289.160187    
   291.677673    
   292.159393    
   292.160034    
   292.160034    
   292.159973    
   292.159973    
   292.160034    
   292.160034    
   292.160034    
   292.160004    
   292.160034    
   292.160004    
   292.160004    
   292.160034    
   292.159973    
   292.160034    
   289.783997    
   289.161926    
   289.159973    
   289.159882    
   289.160004    
   289.160065    
   289.160156    
   289.160248    
   291.669067    
   292.159241    
   292.160034    
   292.160004    
   292.160065    
   292.160034    
   292.160034    
   292.159973    
   292.160004    
   292.160004    
   292.160034    
   292.160004    
   292.160065    
   292.159973    
   292.160004    
   292.160034    
   289.806030    
   289.162079    
   289.159943    
   289.159912    
   289.164429    
   289.167328    
   289.160217    
   289.160248    
   291.669159    
   292.159241    
   292.160065    
   292.160004    
   292.160095    
   292.160034    
   292.159943    
   292.160004    
   292.160004    
   292.159973    
   292.160065    
   292.160034    
   292.160034    
   292.160034    
   292.160034    
   292.160004    
   289.905884    
   289.206665    
   289.205048    
   289.220245    
   289.192078    
   289.160797    
   289.160187    
   289.160217    
   291.661224    
   292.159241    
   292.159973    
   292.159973    
   292.160126    
   292.160065    
   292.160065    
   292.160065    
   292.160095    
   292.160004    
   292.159943    
   292.159973    
   292.159973    
   292.160034    
   292.160004    
   292.159973    
   292.159973    
   292.159821    
   292.159882    
   292.159943    
   292.160004    
   292.160126    
   292.160187    
   292.160278    
   292.160156    
   292.160065    
   292.160248    
   292.160065    
   292.160034    
   292.160004    
   292.159943    
   292.159912    
   292.160034    
   292.159973    
   292.160034    
   292.159943    
   292.159973    
   292.160004    
   292.160004    
   292.160034    
   292.159882    
   292.159882    
   292.159973    
   292.159851    
   292.159912    
   292.160065    
   292.160126    
   292.160187    
   292.160065    
   292.160065    
   292.160034    
   292.160034    
   292.160095    
   292.160004    
   292.160004    
   292.160034    
   292.160004    
   292.160034    
   292.160004    
   292.160034    
   292.159973    
   292.159973    
   292.160034    
   292.160034    
   289.776123    
   289.212891    
   289.230194    
   289.320160    
   289.352448    
   289.325745    
   289.266449    
   289.163025    
   291.586395    
   292.158691    
   292.160095    
   292.160034    
   292.160004    
   292.160065    
   292.160004    
   292.160034    
   292.160034    
   292.160004    
   292.160034    
   292.160065    
   292.160004    
   292.160034    
   292.160004    
   292.159973    
   289.746857    
   289.161377    
   289.159882    
   289.248932    
   289.305756    
   289.273956    
   289.221893    
   289.161011    
   291.631775    
   292.159027    
   292.160156    
   292.160034    
   292.160004    
   292.160034    
   292.160034    
   292.160065    
   292.160004    
   292.160034    
   292.160034    
   292.160065    
   292.160004    
   292.160034    
   292.160034    
   292.159912    
   289.767517    
   289.161499    
   289.159882    
   289.159851    
   289.159943    
   289.160126    
   289.160156    
   289.160278    
   291.665070    
   292.159271    
   292.160065    
   292.159973    
   292.160004    
   292.160004    
   292.159943    
   292.159943    
   292.160004    
   292.160034    
   292.159973    
   292.159973    
   292.160004    
   292.160034    
   292.160004    
   292.159973    
   289.875641    
   289.202362    
   289.202026    
   289.213318    
   289.198181    
   289.161499    
   289.160126    
   289.160065    
   291.699738    
   292.159485    
   292.160004    
   292.160034    
   292.160065    
   292.160004    
   292.160004    
   292.160034    
   292.160034    
   292.159973    
   292.159973    
   292.160034    
   292.159943    
   292.160004    
   292.160004    
   292.159973    
   290.138336    
   289.419769    
   289.405457    
   289.356537    
   289.311096    
   289.248260    
   289.196198    
   289.160614    
   291.674286    
   292.159485    
   292.160065    
   292.160004    
   292.160034    
   292.160065    
   292.160004    
   292.160065    
   292.160034    
   292.159973    
   292.159943    
   292.159943    
   292.159973    
   292.160004    
   292.160065    
   292.160004    
   292.159912    
   292.159851    
   292.159973    
   292.160065    
   292.160126    
   292.160126    
   292.160065    
   292.160034    
   292.160034    
   292.160065    
   292.160065    
   292.160034    
   292.160004    
   292.160065    
   292.160034    
   292.160065    
   292.159973    
   292.159973    
   292.160004    
   292.160004    
   292.160034    
   292.160034    
   292.160004    
   292.159912    
   292.159912    
   292.159912    
   292.159943    
   292.159882    
   292.160034    
   292.160126    
   292.160126    
   292.160187    
   292.160156    
   292.160065    
   292.160065    
   292.159973    
   292.159973    
   292.160065    
   292.160004    
   292.160004    
   292.160065    
   292.160065    
   292.160034    
   292.160004    
   292.160034    
   292.160004    
   292.160065    
   292.159882    
   290.154480    
   289.639465    
   289.659851    
   289.703308    
   289.697632    
   289.655609    
   289.615265    
   289.506836    
   291.622559    
   292.158661    
   292.160095    
   292.160004    
   292.160004    
   292.159973    
   292.160004    
   292.160004    
   292.160004    
   292.160004    
   292.160004    
   292.159973    
   292.159973    
   292.160004    
   292.160034    
   292.159973    
   290.272400    
   289.701660    
   289.722168    
   289.790436    
   289.811127    
   289.792999    
   289.759369    
   289.634186    
   291.671234    
   292.158905    
   292.160034    
   292.160065    
   292.160034    
   292.160004    
   292.160034    
   292.160004    
   292.159973    
   292.160034    
   292.160065    
   292.159973    
   292.159943    
   292.160034    
   292.160034    
   292.159912    
   290.210968    
   289.546051    
   289.518555    
   289.469391    
   289.425781    
   289.385712    
   289.330780    
   289.233490    
   291.600006    
   292.158813    
   292.160034    
   292.160095    
   292.160065    
   292.160095    
   292.160034    
   292.160004    
   292.160004    
   292.160004    
   292.159973    
   292.160034    
   292.160004    
   292.160034    
   292.160065    
   292.159912    
   289.949982    
   289.317047    
   289.322601    
   289.347748    
   289.307129    
   289.247620    
   289.218140    
   289.161560    
   291.608093    
   292.158905    
   292.160126    
   292.160095    
   292.160156    
   292.160034    
   292.160004    
   292.160095    
   292.160004    
   292.160034    
   292.160004    
   292.160065    
   292.159943    
   292.159973    
   292.159943    
   292.159912    
   289.774719    
   289.270203    
   289.387024    
   289.462250    
   289.474426    
   289.428986    
   289.374939    
   289.192474    
   291.628510    
   292.159119    
   292.160126    
   292.160065    
   292.160034    
   292.160065    
   292.160065    
   292.160034    
   292.159973    
   292.159943    
   292.159943    
   292.159973    
   292.160065    
   292.159973    
   292.159973    
   292.159973    
   292.159760    
   292.159698    
   292.159851    
   292.159912    
   292.160004    
   292.160065    
   292.160156    
   292.160156    
   292.160126    
   292.160065    
   292.160126    
   292.160126    
   292.160095    
   292.160065    
   292.159973    
   292.160034    
   292.160004    
   292.159973    
   292.160004    
   292.160126    
   292.160004    
   292.160034    
   292.160095    
   292.160034    
   292.159912    
   292.159821    
   292.159760    
   292.159912    
   292.160034    
   292.160095    
   292.160187    
   292.160217    
   292.160126    
   292.160004    
   292.160095    
   292.160004    
   292.160156    
   292.160126    
   292.160034    
   292.160065    
   292.160034    
   292.159973    
   292.160034    
   292.160065    
   292.160065    
   292.160004    
   292.159973    
   292.159882    
   289.709290    
   289.244507    
   289.329498    
   289.403198    
   289.410400    
   289.377258    
   289.335907    
   289.228729    
   291.548218    
   292.158264    
   292.160187    
   292.160034    
   292.160065    
   292.160248    
   292.160065    
   292.160095    
   292.160034    
   292.160065    
   292.160034    
   292.160156    
   292.160004    
   292.160004    
   292.159912    
   292.159698    
   289.745544    
   289.161316    
   289.216766    
   289.487274    
   289.581848    
   289.565491    
   289.520905    
   289.424286    
   291.632812    
   292.158966    
   292.160248    
   292.160065    
   292.160034    
   292.160095    
   292.160034    
   292.160095    
   292.159973    
   292.160034    
   292.159973    
   292.160095    
   292.160004    
   292.160034    
   292.159882    
   292.159698    
   289.761230    
   289.171509    
   289.389526    
   289.608002    
   289.705231    
   289.693726    
   289.653046    
   289.373688    
   291.628510    
   292.159058    
   292.160126    
   292.160034    
   292.160065    
   292.160095    
   292.160034    
   292.160095    
   292.160034    
   292.160065    
   292.160065    
   292.160095    
   292.160034    
   292.160004    
   292.159943    
   292.159821    
   289.759460    
   289.189758    
   289.341705    
   289.524689    
   289.618011    
   289.604797    
   289.561188    
   289.318665    
   291.635498    
   292.159149    
   292.160156    
   292.160065    
   292.160065    
   292.160095    
   292.160065    
   292.160004    
   292.160004    
   292.160034    
   292.160004    
   292.160034    
   292.160004    
   292.160034    
   292.160004    
   292.159821    
   289.762177    
   289.161621    
   289.159851    
   289.159973    
   289.159943    
   289.160065    
   289.160187    
   289.160126    
   291.659271    
   292.159210    
   292.160034    
   292.159973    
   292.160004    
   292.160034    
   292.160004    
   292.159973    
   292.160034    
   292.160004    
   292.160034    
   292.160004    
   292.160004    
   292.160034    
   292.160034    
   292.159943    
   292.159912    
   292.159851    
   292.159882    
   292.159973    
   292.160095    
   292.160034    
   292.160095    
   292.160187    
   292.160278    
   292.160095    
   292.160126    
   292.160065    
   292.160034    
   292.160095    
   292.160034    
   292.160065    
   292.159973    
   292.159973    
   292.159973    
   292.160095    
   292.160034    
   292.160004    
   292.159882    
   292.159912    
   292.159760    
   292.159607    
   292.159851    
   292.159821    
   292.160126    
   292.160034    
   292.160187    
   292.160248    
   292.160248    
   292.160126    
   292.160095    
   292.159973    
   292.160004    
   292.159912    
   292.159973    
   292.160004    
   292.160034    
   292.160065    
   292.160004    
   292.159973    
   292.160034    
   292.160034    
   292.159973    
   292.159882    
   290.026886    
   289.456940    
   289.466095    
   289.487762    
   289.464996    
   289.418549    
   289.374084    
   289.276672    
   291.583740    
   292.158752    
   292.160004    
   292.159973    
   292.160065    
   292.160095    
   292.160004    
   292.160065    
   292.160004    
   292.159973    
   292.160065    
   292.160095    
   292.160004    
   292.160004    
   292.159973    
   292.159882    
   289.738892    
   289.161499    
   289.160004    
   289.160004    
   289.159943    
   289.160065    
   289.160065    
   289.160187    
   291.632019    
   292.159088    
   292.160156    
   292.160034    
   292.159973    
   292.160095    
   292.160004    
   292.160065    
   292.159973    
   292.160034    
   292.160004    
   292.160156    
   292.160034    
   292.160034    
   292.160004    
   292.159973    
   289.773041    
   289.161621    
   289.159851    
   289.159821    
   289.160034    
   289.160126    
   289.160217    
   289.160339    
   291.641083    
   292.159210    
   292.160217    
   292.160065    
   292.160034    
   292.160156    
   292.160004    
   292.160126    
   292.160004    
   292.160065    
   292.160004    
   292.160126    
   292.160004    
   292.160065    
   292.159851    
   292.159760    
   289.784485    
   289.161713    
   289.159912    
   289.159821    
   289.159973    
   289.160065    
   289.160156    
   289.160248    
   291.659637    
   292.159332    
   292.160156    
   292.160034    
   292.160034    
   292.160095    
   292.160065    
   292.160126    
   292.159973    
   292.160065    
   292.160034    
   292.160095    
   292.160065    
   292.160004    
   292.159790    
   292.159668    
   289.789276    
   289.161804    
   289.159821    
   289.159851    
   289.160004    
   289.160065    
   289.160156    
   289.160248    
   291.680481    
   292.159515    
   292.160187    
   292.160095    
   292.160034    
   292.160065    
   292.160004    
   292.160065    
   292.160004    
   292.159943    
   292.159973    
   292.159973    
   292.159973    
   292.159973    
   292.159882    
   292.159943    
   292.159882    
   292.159851    
   292.159790    
   292.160004    
   292.160095    
   292.160004    
   292.160156    
   292.160065    
   292.160095    
   292.160095    
   292.160034    
   292.160065    
   292.160034    
   292.160004    
   292.160095    
   292.160095    
   292.160004    
   292.160004    
   292.159973    
   292.160034    
   292.160004    
   292.160004    
   292.160004    
   292.159912    
   292.159790    
   292.159729    
   292.159821    
   292.160034    
   292.160034    
   292.160095    
   292.160126    
   292.160187    
   292.160156    
   292.160126    
   292.160065    
   292.159973    
   292.160034    
   292.160004    
   292.160004    
   292.160004    
   292.160004    
   292.159973    
   292.160004    
   292.159973    
   292.160004    
   292.160004    
   292.159973    
   292.159912    
   290.112274    
   289.769165    
   289.776428    
   289.848328    
   289.845520    
   289.811249    
   289.797546    
   289.721008    
   291.833405    
   292.159119    
   292.160156    
   292.160065    
   292.160217    
   292.160095    
   292.160034    
   292.160095    
   292.160095    
   292.160065    
   292.160065    
   292.160095    
   292.160034    
   292.159973    
   292.159790    
   292.159698    
   289.535980    
   289.225555    
   289.304474    
   289.385895    
   289.408539    
   289.389282    
   289.352539    
   289.254303    
   291.784546    
   292.159149    
   292.160187    
   292.160095    
   292.160095    
   292.160156    
   292.160065    
   292.160217    
   292.160095    
   292.160034    
   292.160034    
   292.160126    
   292.160034    
   292.159973    
   292.159637    
   292.159668    
   289.541260    
   289.160980    
   289.159882    
   289.159821    
   289.160126    
   289.160095    
   289.160187    
   289.160156    
   291.816620    
   292.159332    
   292.160187    
   292.160065    
   292.160156    
   292.160156    
   292.160065    
   292.160126    
   292.160065    
   292.160034    
   292.160004    
   292.160095    
   292.160034    
   292.160065    
   292.159698    
   292.159698    
   289.556519    
   289.161011    
   289.159882    
   289.159821    
   289.160004    
   289.160065    
   289.160156    
   289.160187    
   291.824615    
   292.159576    
   292.160217    
   292.160126    
   292.160065    
   292.160095    
   292.159973    
   292.160126    
   292.160034    
   292.160065    
   292.160034    
   292.160065    
   292.160065    
   292.160004    
   292.159668    
   292.159729    
   289.562683    
   289.160980    
   289.203979    
   289.380981    
   289.462982    
   289.460999    
   289.444580    
   289.376678    
   291.848877    
   292.159607    
   292.160217    
   292.160095    
   292.160065    
   292.160095    
   292.160034    
   292.160126    
   292.160095    
   292.160034    
   292.160034    
   292.160065    
   292.160034    
   292.160004    
   292.159607    
   292.159698    
   292.159698    
   292.159576    
   292.159821    
   292.159851    
   292.159973    
   292.160065    
   292.160126    
   292.160278    
   292.160370    
   292.160278    
   292.160187    
   292.160034    
   292.160065    
   292.160126    
   292.160065    
   292.160065    
   292.159973    
   292.160034    
   292.160004    
   292.160095    
   292.160034    
   292.160004    
   292.159698    
   292.159729    
   292.159698    
   292.159576    
   292.159851    
   292.159882    
   292.159973    
   292.160065    
   292.160156    
   292.160278    
   292.160309    
   292.160248    
   292.160187    
   292.160065    
   292.160034    
   292.160034    
   292.160034    
   292.160095    
   292.160034    
   292.160065    
   292.160065    
   292.160095    
   292.160034    
   292.160034    
   292.159698    
   292.159729    
   290.541107    
   290.493530    
   290.691132    
   290.915283    
   291.084686    
   291.114380    
   291.120789    
   291.047028    
   291.948212    
   292.158691    
   292.160095    
   292.160034    
   292.160126    
   292.160156    
   292.160065    
   292.160126    
   292.160004    
   292.160004    
   292.160004    
   292.160065    
   292.160034    
   292.160034    
   292.159637    
   292.159668    
   290.680420    
   290.692749    
   290.992981    
   291.239502    
   291.385803    
   291.417480    
   291.412109    
   291.294281    
   291.969940    
   292.158600    
   292.160156    
   292.160034    
   292.160095    
   292.160126    
   292.160065    
   292.160156    
   292.160034    
   292.160065    
   292.160065    
   292.160126    
   292.160034    
   292.160034    
   292.159637    
   292.159637    
   290.664734    
   290.725952    
   290.971436    
   291.127258    
   291.240173    
   291.266510    
   291.291382    
   291.295959    
   291.955048    
   292.158417    
   292.160126    
   292.160126    
   292.160126    
   292.160187    
   292.160065    
   292.160004    
   292.160004    
   292.160034    
   292.160065    
   292.160095    
   292.160065    
   292.160004    
   292.159607    
   292.159668    
   290.679779    
   290.738098    
   291.006165    
   291.188232    
   291.277588    
   291.270996    
   291.418854    
   291.566772    
   292.031067    
   292.159088    
   292.160156    
   292.160095    
   292.160095    
   292.160187    
   292.160065    
   292.160126    
   292.160034    
   292.159943    
   292.160034    
   292.160126    
   292.160034    
   292.159943    
   292.159546    
   292.159729    
   290.611969    
   290.594452    
   290.751953    
   290.969208    
   291.135590    
   291.191864    
   291.175262    
   291.033325    
   291.916412    
   292.157806    
   292.160126    
   292.160095    
   292.160065    
   292.160065    
   292.160065    
   292.160065    
   292.160065    
   292.160034    
   292.159973    
   292.160034    
   292.159912    
   292.159973    
   292.159912    
   292.159943    
   292.159973    
   292.159821    
   292.160065    
   292.160034    
   292.160004    
   292.159790    
   292.160034    
   292.160248    
   292.160309    
   292.160278    
   292.160217    
   292.160004    
   292.160065    
   292.160065    
   292.160034    
   292.160095    
   292.159973    
   292.159973    
   292.160004    
   292.160126    
   292.160034    
   292.160004    
   292.159973    
   292.159821    
   292.159882    
   292.159851    
   292.159851    
   292.160004    
   292.160156    
   292.160187    
   292.160034    
   292.160126    
   292.160095    
   292.160248    
   292.160156    
   292.160034    
   292.160034    
   292.160095    
   292.160004    
   292.160065    
   292.160034    
   292.160004    
   292.160065    
   292.160034    
   292.160004    
   292.159973    
   292.159729    
   292.159790    
   289.713074    
   289.338043    
   289.263184    
   289.243103    
   289.183899    
   289.160095    
   289.160095    
   289.159851    
   291.798798    
   292.159180    
   292.159943    
   292.160004    
   292.159973    
   292.160095    
   292.160034    
   292.160065    
   292.160095    
   292.160034    
   292.159912    
   292.159912    
   292.160004    
   292.160004    
   292.159821    
   292.159851    
   290.133026    
   289.766388    
   289.749969    
   289.794708    
   289.675812    
   289.553802    
   289.483490    
   289.296295    
   291.810425    
   292.159332    
   292.160095    
   292.160095    
   292.160095    
   292.160034    
   292.160065    
   292.160248    
   292.160034    
   292.160126    
   292.160095    
   292.160126    
   292.160095    
   292.160034    
   292.159607    
   292.159668    
   289.547638    
   289.225708    
   289.265991    
   289.351318    
   289.378357    
   289.373230    
   289.352264    
   289.274414    
   291.946106    
   292.159760    
   292.160309    
   292.160034    
   292.160034    
   292.160248    
   292.160004    
   292.160034    
   292.159943    
   292.160065    
   292.160095    
   292.160095    
   292.160004    
   292.159882    
   292.159668    
   292.159698    
   289.672943    
   289.451294    
   289.453186    
   289.412659    
   289.375732    
   289.336639    
   289.273285    
   289.189484    
   291.956360    
   292.159729    
   292.160034    
   292.160004    
   292.160004    
   292.160034    
   292.160065    
   292.160034    
   292.160065    
   292.160034    
   292.160004    
   292.159973    
   292.160034    
   292.160065    
   292.159912    
   289.669067    
   289.284760    
   289.344818    
   289.383331    
   289.438324    
   289.486908    
   289.498657    
   289.461304    
   291.976013    
   292.159729    
   292.160126    
   292.160126    
   292.160004    
   292.160004    
   292.160065    
   292.160034    
   292.160004    
   292.160065    
   292.160034    
   292.160004    
   292.160004    
   292.160004    
   292.159973    
   292.159973    
   292.159973    
   292.159912    
   292.159882    
   292.159973    
   292.160034    
   292.160126    
   292.159973    
   292.160065    
   292.160126    
   292.160065    
   292.160034    
   292.160034    
   292.160034    
   292.160004    
   292.160034    
   292.160034    
   292.160034    
   292.160004    
   292.160034    
   292.160065    
   292.160095    
   292.160034    
   292.160004    
   292.159882    
   292.159973    
   292.159790    
   292.159760    
   292.160004    
   292.159790    
   292.160065    
   292.160156    
   292.160065    
   292.160065    
   292.160217    
   292.160126    
   292.160278    
   292.160004    
   292.160034    
   292.160126    
   292.160065    
   292.160095    
   292.160065    
   292.160065    
   292.160004    
   292.160126    
   292.160034    
   292.159882    
   292.159668    
   289.737793    
   289.512817    
   289.807159    
   289.960846    
   290.054169    
   290.102631    
   290.122223    
   290.122070    
   291.963226    
   292.159332    
   292.160309    
   292.160278    
   292.160065    
   292.160034    
   292.160095    
   292.160065    
   292.160034    
   292.160034    
   292.160034    
   292.160065    
   292.160004    
   292.160034    
   292.159943    
   292.159546    
   290.000275    
   289.789307    
   290.004242    
   290.109985    
   290.114319    
   290.088440    
   290.044891    
   289.992035    
   291.959656    
   292.159424    
   292.160126    
   292.160095    
   292.160004    
   292.160004    
   292.160065    
   292.159943    
   292.160034    
   292.160034    
   292.160034    
   292.159973    
   292.160065    
   292.160095    
   292.159973    
   292.159882    
   289.995209    
   289.728760    
   289.884277    
   289.981110    
   290.074860    
   290.124329    
   290.126434    
   290.125214    
   291.963837    
   292.159485    
   292.160217    
   292.160248    
   292.160095    
   292.160156    
   292.160217    
   292.160065    
   292.160034    
   292.160034    
   292.159943    
   292.159943    
   292.160065    
   292.159943    
   292.159943    
   292.159821    
   289.990692    
   289.624420    
   289.712830    
   289.791840    
   289.955383    
   290.057617    
   290.095856    
   290.114532    
   291.995087    
   292.159668    
   292.160156    
   292.160126    
   292.159943    
   292.160095    
   292.160065    
   292.159943    
   292.160065    
   292.160034    
   292.160004    
   292.159973    
   292.160034    
   292.159973    
   292.159973    
   292.159729    
   290.977448    
   290.799835    
   291.109039    
   291.336243    
   291.469788    
   291.578094    
   291.619598    
   291.631622    
   292.114960    
   292.159912    
   292.160126    
   292.160156    
   292.160065    
   292.160034    
   292.160095    
   292.160004    
   292.160034    
   292.160034    
   292.160065    
   292.160034    
   292.160095    
   292.160065    
   292.159973    
   292.159912    
   292.159912    
   292.159912    
   292.159790    
   292.159912    
   292.159943    
   292.160034    
   292.159973    
   292.160034    
   292.160187    
   292.160187    
   292.160126    
   292.160248    
   292.160004    
   292.160065    
   292.160034    
   292.159973    
   292.160034    
   292.160004    
   292.160004    
   292.160034    
   292.160034    
   292.160004    
   292.159973    
   292.159973    
   292.159973    
   292.160034    
   292.159943    
   292.160004    
   292.159912    
   292.159668    
   292.160034    
   292.160156    
   292.160187    
   292.160126    
   292.160095    
   292.160217    
   292.160065    
   292.160004    
   292.160065    
   292.160034    
   292.160034    
   292.160004    
   292.159943    
   292.160004    
   292.160065    
   292.160095    
   292.160095    
   292.159943    
   290.650421    
   290.358551    
   290.355438    
   290.321106    
   290.348022    
   290.355255    
   290.338257    
   290.289490    
   291.915619    
   292.158203    
   292.160065    
   292.160126    
   292.160034    
   292.160034    
   292.160004    
   292.160034    
   292.160004    
   292.160004    
   292.159973    
   292.159973    
   292.160034    
   292.160004    
   292.159973    
   292.159912    
   290.515686    
   290.244019    
   290.421082    
   290.533783    
   290.828125    
   291.161530    
   291.353638    
   291.388733    
   292.075714    
   292.159607    
   292.160187    
   292.160156    
   292.160065    
   292.160034    
   292.160004    
   292.160034    
   292.160034    
   292.160004    
   292.160034    
   292.160034    
   292.160065    
   292.160034    
   292.160004    
   292.159943    
   290.517548    
   290.267090    
   290.338470    
   290.349762    
   290.381836    
   290.346558    
   290.291931    
   290.249634    
   291.940460    
   292.158722    
   292.160126    
   292.160156    
   292.160034    
   292.159943    
   292.160095    
   292.160004    
   292.160004    
   292.160065    
   292.160065    
   292.160004    
   292.160095    
   292.160095    
   292.159882    
   292.159607    
   290.598145    
   290.410889    
   290.711426    
   290.915253    
   291.169403    
   291.366180    
   291.408295    
   291.408539    
   292.067169    
   292.159363    
   292.160400    
   292.160400    
   292.160126    
   292.160065    
   292.160126    
   292.160034    
   292.160095    
   292.160034    
   292.160004    
   292.160004    
   292.160034    
   292.160004    
   292.159882    
   292.159546    
   291.129059    
   290.973450    
   291.278473    
   291.514954    
   291.644073    
   291.694855    
   291.637939    
   291.569946    
   292.071320    
   292.159027    
   292.160095    
   292.160126    
   292.160065    
   292.160034    
   292.160034    
   292.159973    
   292.160065    
   292.159973    
   292.160034    
   292.160004    
   292.160004    
   292.160065    
   292.160065    
   292.160034    
   292.160065    
   292.159882    
   292.160004    
   292.160065    
   292.160065    
   292.160034    
   292.160065    
   292.160034    
   292.160217    
   292.160004    
   292.160065    
   292.160156    
   292.160065    
   292.160034    
   292.160034    
   292.159943    
   292.160095    
   292.159973    
   292.160034    
   292.160034    
   292.160126    
   292.160004    
   292.159851    
   292.159760    
   292.159851    
   292.159973    
   292.159637    
   292.159790    
   292.159790    
   292.160248    
   292.160217    
   292.160156    
   292.160095    
   292.160126    
   292.160156    
   292.160217    
   292.160004    
   292.159973    
   292.160187    
   292.160095    
   292.160126    
   292.160065    
   292.160034    
   292.160004    
   292.160034    
   292.159973    
   292.159851    
   292.159485    
   290.719208    
   290.608612    
   290.789337    
   290.901215    
   291.059021    
   291.168579    
   291.216949    
   291.237213    
   292.052856    
   292.158875    
   292.160248    
   292.160309    
   292.160126    
   292.160065    
   292.160095    
   292.159973    
   292.159973    
   292.160065    
   292.160034    
   292.160034    
   292.160004    
   292.160004    
   292.159943    
   292.159698    
   290.948853    
   290.835571    
   291.063965    
   291.215332    
   291.461090    
   291.690552    
   291.803680    
   291.878662    
   292.128967    
   292.159576    
   292.160278    
   292.160339    
   292.160034    
   292.160095    
   292.160126    
   292.160034    
   292.160126    
   292.160095    
   292.159973    
   292.160095    
   292.160065    
   292.160034    
   292.159851    
   292.159576    
   291.314545    
   291.274750    
   291.641388    
   291.932220    
   292.103973    
   292.247711    
   292.320618    
   292.358856    
   292.345947    
   292.291595    
   292.230896    
   292.164490    
   292.160187    
   292.160095    
   292.160187    
   292.160065    
   292.160095    
   292.160034    
   292.160034    
   292.159943    
   292.160095    
   292.160065    
   292.160065    
   292.159973    
   291.229523    
   291.029572    
   291.027405    
   290.985901    
   290.960297    
   290.951416    
   290.967834    
   290.950439    
   291.986969    
   292.154022    
   292.159821    
   292.160065    
   292.160004    
   292.160156    
   292.160065    
   292.160034    
   292.160156    
   292.159912    
   292.160004    
   292.160034    
   292.159912    
   292.159943    
   292.159882    
   292.159821    
   291.161041    
   290.981079    
   291.072968    
   291.113770    
   291.291260    
   291.437012    
   291.466797    
   291.459351    
   292.078461    
   292.159027    
   292.160065    
   292.160187    
   292.160004    
   292.160126    
   292.160187    
   292.160004    
   292.160126    
   292.160004    
   292.160034    
   292.160004    
   292.160004    
   292.160004    
   292.159882    
   292.159607    
   292.159698    
   292.159882    
   292.159851    
   292.160309    
   292.181885    
   292.319519    
   292.391357    
   292.450378    
   292.469238    
   292.438324    
   292.370392    
   292.176544    
   292.160706    
   292.160065    
   292.160156    
   292.160004    
   292.160034    
   292.160004    
   292.160034    
   292.159973    
   292.160095    
   292.159943    
   292.159943    
   292.159790    
   292.160034    
   292.159943    
   292.160004    
   292.165527    
   292.253418    
   292.288147    
   292.203461    
   292.161835    
   292.160156    
   292.160065    
   292.160034    
   292.160095    
   292.159973    
   292.160004    
   292.160004    
   292.160004    
   292.159973    
   292.160004    
   292.159943    
   292.159973    
   292.160034    
   292.160126    
   292.160034    
   292.159882    
   291.943939    
   291.999359    
   292.366699    
   292.625519    
   292.746826    
   292.835693    
   292.861664    
   292.831390    
   292.688232    
   292.569641    
   292.540955    
   292.408936    
   292.322083    
   292.319733    
   292.210388    
   292.162018    
   292.160095    
   292.159912    
   292.159943    
   292.159882    
   292.160065    
   292.160034    
   292.159943    
   292.195343    
   292.307404    
   292.371582    
   292.574127    
   292.690552    
   292.808350    
   292.923187    
   292.954865    
   292.973419    
   292.939545    
   292.901672    
   292.881348    
   292.636780    
   292.442108    
   292.416504    
   292.319183    
   292.266510    
   292.187897    
   292.161285    
   292.160004    
   292.159882    
   292.159943    
   292.159912    
   292.159851    
   292.159790    
   292.010712    
   292.043518    
   292.177612    
   292.278351    
   292.245605    
   292.204285    
   292.240662    
   292.293365    
   292.187866    
   292.161499    
   292.160126    
   292.160187    
   292.159973    
   292.159943    
   292.160034    
   292.159851    
   292.159912    
   292.159851    
   292.159821    
   292.159851    
   292.159912    
   292.159729    
   292.159698    
   292.159576    
   291.320892    
   291.278717    
   291.429657    
   291.488495    
   291.611542    
   291.723114    
   291.745941    
   291.747437    
   292.095764    
   292.157532    
   292.160034    
   292.160095    
   292.159882    
   292.159912    
   292.160034    
   292.160004    
   292.159821    
   292.159973    
   292.160065    
   292.159943    
   292.159943    
   292.159851    
   292.159698    
   292.159576    
   291.363403    
   291.355072    
   291.576965    
   291.695312    
   291.819153    
   291.919708    
   291.983917    
   292.035522    
   292.141174    
   292.159454    
   292.160126    
   292.160187    
   292.160004    
   292.159973    
   292.160126    
   292.159973    
   292.160034    
   292.159912    
   292.159912    
   292.159882    
   292.159912    
   292.159821    
   292.159821    
   292.159668    
   292.159943    
   292.160034    
   292.160156    
   292.160248    
   292.160156    
   292.160278    
   292.160065    
   292.160095    
   292.160156    
   292.160217    
   292.160095    
   292.160309    
   292.159912    
   292.159821    
   292.159973    
   292.159821    
   292.160004    
   292.159943    
   292.159882    
   292.160004    
   292.159821    
   292.159760    
   292.159637    
   292.159393    
   292.159882    
   292.160126    
   292.160187    
   292.160278    
   292.255981    
   292.386414    
   292.406830    
   292.412445    
   292.382141    
   292.325439    
   292.288971    
   292.173126    
   292.160492    
   292.159882    
   292.159943    
   292.159973    
   292.159973    
   292.159851    
   292.159882    
   292.159943    
   292.159912    
   292.159851    
   292.159760    
   292.159576    
   292.068909    
   292.162323    
   292.405029    
   292.587769    
   292.716095    
   292.836792    
   292.883606    
   292.872314    
   292.861694    
   292.862701    
   292.854614    
   292.562592    
   292.298248    
   292.198700    
   292.162018    
   292.160065    
   292.160004    
   292.159851    
   292.159912    
   292.159851    
   292.159851    
   292.159851    
   292.159851    
   292.210327    
   292.483093    
   292.614105    
   292.930267    
   293.142944    
   293.251556    
   293.370209    
   293.463684    
   293.529846    
   293.504822    
   293.457855    
   293.413055    
   293.172607    
   292.997223    
   292.939117    
   292.657043    
   292.392273    
   292.177612    
   292.160431    
   292.160034    
   292.160004    
   292.159973    
   292.159851    
   292.159821    
   292.159668    
   292.115814    
   292.168640    
   292.149353    
   292.122803    
   292.242462    
   292.247009    
   292.185730    
   292.227692    
   292.171600    
   292.160339    
   292.160217    
   292.160248    
   292.160065    
   292.160034    
   292.160126    
   292.160004    
   292.160065    
   292.160034    
   292.159973    
   292.159698    
   292.159637    
   292.159637    
   292.159546    
   292.159393    
   291.661011    
   291.654510    
   291.842926    
   291.970886    
   292.156097    
   292.329285    
   292.365204    
   292.348602    
   292.373871    
   292.392334    
   292.376678    
   292.179443    
   292.160767    
   292.159912    
   292.159973    
   292.159760    
   292.159882    
   292.159821    
   292.159790    
   292.159790    
   292.159729    
   292.159698    
   292.159698    
   292.159454    
   292.142731    
   292.277496    
   292.684265    
   292.933441    
   293.064178    
   293.125732    
   293.157928    
   293.191467    
   293.200470    
   293.206329    
   293.205872    
   292.828705    
   292.496002    
   292.412628    
   292.205811    
   292.161957    
   292.159912    
   292.159821    
   292.159821    
   292.159821    
   292.159760    
   292.159729    
   292.159729    
   292.442810    
   292.882385    
   293.053894    
   293.358856    
   293.551819    
   293.663452    
   293.682465    
   293.674225    
   293.702637    
   293.726654    
   293.735931    
   293.747559    
   293.490387    
   293.273926    
   293.207214    
   293.052185    
   292.942627    
   292.821289    
   292.759674    
   292.776123    
   292.773010    
   292.730988    
   292.684235    
   292.683899    
   293.029449    
   293.354889    
   293.509552    
   293.780640    
   293.930237    
   293.983215    
   294.060486    
   294.159119    
   294.209686    
   293.924133    
   293.724823    
   293.734161    
   293.426941    
   293.184662    
   293.147736    
   292.943237    
   292.770660    
   292.619995    
   292.547058    
   292.519104    
   292.486542    
   292.391876    
   292.319214    
   292.274170    
   292.298615    
   292.355316    
   292.444977    
   292.591064    
   292.648376    
   292.710358    
   292.743805    
   292.727631    
   292.582611    
   292.500244    
   292.478119    
   292.445343    
   292.266693    
   292.162109    
   292.159973    
   292.160126    
   292.159943    
   292.159973    
   292.160004    
   292.159973    
   292.159973    
   292.159943    
   292.159760    
   292.159760    
   292.159546    
   292.133301    
   292.169281    
   292.233643    
   292.295166    
   292.255432    
   292.233307    
   292.167084    
   292.078369    
   292.154938    
   292.285889    
   292.343964    
   292.266907    
   292.227509    
   292.214874    
   292.162933    
   292.160065    
   292.160065    
   292.160065    
   292.159821    
   292.159668    
   292.159698    
   292.159668    
   292.159668    
   292.159485    
   292.248077    
   292.338104    
   292.664459    
   292.918640    
   293.197418    
   293.379517    
   293.448059    
   293.508148    
   293.543060    
   293.529846    
   293.496338    
   293.194458    
   292.896515    
   292.727753    
   292.325592    
   292.162781    
   292.160156    
   292.160065    
   292.160034    
   292.159973    
   292.159882    
   292.159851    
   292.159821    
   292.581726    
   292.935791    
   293.086090    
   293.511017    
   293.771179    
   294.013062    
   294.162445    
   294.229736    
   294.236908    
   294.088776    
   293.971802    
   293.918854    
   293.646942    
   293.472717    
   293.529602    
   293.413757    
   293.224182    
   292.989960    
   292.843201    
   292.809387    
   292.785706    
   292.706665    
   292.638824    
   292.656799    
   292.882996    
   293.097656    
   293.151733    
   293.357422    
   293.587097    
   293.752319    
   293.856964    
   293.926270    
   293.985565    
   293.959137    
   293.910126    
   293.857544    
   293.601776    
   293.374725    
   293.300873    
   293.155182    
   293.018066    
   292.856903    
   292.757294    
   292.729736    
   292.698151    
   292.689423    
   292.705597    
   292.748779    
   293.138550    
   293.482330    
   293.610291    
   293.820618    
   293.939911    
   293.993042    
   294.076660    
   294.121735    
   294.152710    
   294.150787    
   294.127747    
   294.092957    
   293.789215    
   293.541077    
   293.471619    
   293.243103    
   293.079163    
   293.013947    
   292.994537    
   292.984589    
   292.966949    
   292.951233    
   292.953674    
   292.984924    
   293.301422    
   293.600220    
   293.747955    
   293.980865    
   294.118591    
   294.186584    
   294.251862    
   294.297058    
   294.298096    
   294.271881    
   294.127350    
   293.946442    
   293.637177    
   293.427338    
   293.389679    
   293.290497    
   293.233459    
   293.132843    
   293.093842    
   293.083710    
   293.072144    
   293.046295    
   293.017303    
   293.030273    
   293.249237    
   293.429138    
   293.487579    
   293.610596    
   293.703094    
   293.788879    
   293.830963    
   293.841248    
   293.850128    
   293.823761    
   293.701202    
   293.656708    
   293.419189    
   293.220123    
   293.158875    
   293.040863    
   292.965729    
   292.908417    
   292.886383    
   292.893890    
   292.884552    
   292.857941    
   292.792908    
   292.717194    
   292.750671    
   292.764893    
   292.727936    
   292.782501    
   292.807892    
   292.887085    
   292.938263    
   292.950256    
   293.070496    
   293.213715    
   293.263306    
   293.123932    
   292.911194    
   292.841431    
   292.816528    
   292.724335    
   292.651245    
   292.598938    
   292.557129    
   292.523804    
   292.466370    
   292.413727    
   292.410431    
   292.460846    
   292.729370    
   292.962616    
   293.051483    
   293.273254    
   293.419800    
   293.553162    
   293.658722    
   293.690826    
   293.672638    
   293.515198    
   293.400604    
   293.374969    
   293.145905    
   292.962036    
   292.939789    
   292.818298    
   292.723389    
   292.531158    
   292.379242    
   292.315857    
   292.301880    
   292.352325    
   292.379364    
   292.411224    
   292.708099    
   292.886688    
   292.808746    
   293.050140    
   293.308502    
   293.498108    
   293.629974    
   293.698883    
   293.736603    
   293.658752    
   293.434814    
   293.319244    
   293.046173    
   292.851196    
   292.825653    
   292.657043    
   292.521332    
   292.345032    
   292.222046    
   292.165375    
   292.160065    
   292.159943    
   292.159821    
   292.159790    
   292.346344    
   292.482208    
   292.552368    
   292.758911    
   292.918030    
   293.135956    
   293.319153    
   293.390442    
   293.457672    
   293.478363    
   293.471100    
   293.434021    
   293.011902    
   292.664124    
   292.599030    
   292.345795    
   292.168976    
   292.160217    
   292.160004    
   292.159973    
   292.159912    
   292.159821    
   292.159790    
   292.159698    
   292.536987    
   292.956268    
   293.126282    
   293.381531    
   293.569397    
   293.724030    
   293.845581    
   293.888855    
   293.933472    
   293.929840    
   293.918457    
   293.882782    
   293.574554    
   293.330872    
   293.220490    
   292.902008    
   292.696503    
   292.552673    
   292.439575    
   292.364044    
   292.295532    
   292.230164    
   292.225281    
   292.268219    
   292.544647    
   292.756622    
   292.860748    
   293.125000    
   293.340118    
   293.459137    
   293.544220    
   293.623016    
   293.677673    
   293.621796    
   293.528198    
   293.418304    
   293.034485    
   292.779266    
   292.712646    
   292.457977    
   292.298859    
   292.165680    
   292.160034    
   292.159973    
   292.160034    
   292.159912    
   292.159912    
   292.159882    
   292.304352    
   292.511475    
   292.583130    
   292.850525    
   293.092560    
   293.394531    
   293.647461    
   293.732269    
   293.760651    
   293.802582    
   293.826996    
   293.802307    
   293.482452    
   293.180084    
   293.039948    
   292.727722    
   292.581360    
   292.480072    
   292.414246    
   292.360626    
   292.322784    
   292.310486    
   292.297974    
   292.304169    
   292.565430    
   292.752716    
   292.764130    
   292.807678    
   292.742706    
   292.625000    
   292.547882    
   292.504669    
   292.496979    
   292.445648    
   292.420258    
   292.422913    
   292.302368    
   292.226318    
   292.205750    
   292.161346    
   292.159973    
   292.159943    
   292.159973    
   292.160004    
   292.159943    
   292.159912    
   292.159821    
   292.159821    
   292.159637    
   292.174927    
   292.220367    
   292.420288    
   292.578339    
   292.778564    
   292.925049    
   292.950348    
   292.948273    
   292.963379    
   292.962341    
   292.926178    
   292.709320    
   292.557068    
   292.554169    
   292.403107    
   292.279877    
   292.168243    
   292.160187    
   292.160034    
   292.159943    
   292.159973    
   292.159912    
   292.159790    
   292.651276    
   293.154846    
   293.343140    
   293.717163    
   293.948395    
   294.046387    
   294.118866    
   294.147675    
   294.134552    
   293.985779    
   293.843964    
   293.717468    
   293.442139    
   293.242065    
   293.204559    
   293.118835    
   293.050659    
   292.958679    
   292.877350    
   292.849365    
   292.823608    
   292.780365    
   292.738708    
   292.707123    
   292.763885    
   292.820587    
   292.864929    
   293.068298    
   293.244690    
   293.366089    
   293.422211    
   293.410767    
   293.416473    
   293.416016    
   293.442963    
   293.361359    
   293.083130    
   292.862213    
   292.794189    
   292.671082    
   292.593536    
   292.485352    
   292.396515    
   292.338501    
   292.301880    
   292.313019    
   292.364777    
   292.410889    
   292.581543    
   292.672241    
   292.649445    
   292.729126    
   292.733917    
   292.737274    
   292.805695    
   292.815460    
   292.917542    
   293.058075    
   293.101715    
   293.095459    
   292.853699    
   292.641693    
   292.601440    
   292.417328    
   292.268463    
   292.166077    
   292.160065    
   292.160004    
   292.159943    
   292.159882    
   292.159790    
   292.159760    
   292.417053    
   292.669373    
   292.744904    
   292.962311    
   293.131836    
   293.234375    
   293.362701    
   293.434937    
   293.457977    
   293.533325    
   293.408752    
   293.359619    
   293.150482    
   292.889709    
   292.826263    
   292.544128    
   292.368744    
   292.187012    
   292.160309    
   292.160004    
   292.159973    
   292.167023    
   292.247711    
   292.346313    
   293.037506    
   293.575287    
   293.699982    
   293.931061    
   294.090759    
   294.281708    
   294.427368    
   294.505035    
   294.554108    
   294.501587    
   294.467102    
   294.461670    
   294.243378    
   294.113739    
   294.101349    
   293.997192    
   293.913513    
   293.860443    
   293.825836    
   293.808960    
   293.789703    
   293.807220    
   293.802856    
   293.764343    
   293.916992    
   294.028870    
   294.074097    
   294.241852    
   294.333801    
   294.387817    
   294.452362    
   294.454956    
   294.452362    
   294.380188    
   294.354492    
   294.400696    
   294.332184    
   294.297607    
   294.335266    
   294.255371    
   294.176208    
   294.058411    
   293.976379    
   293.927734    
   293.863953    
   293.903320    
   294.006195    
   294.126007    
   294.501221    
   294.736938    
   294.824402    
   295.078033    
   295.267639    
   295.414612    
   295.452393    
   295.488495    
   295.563110    
   295.593384    
   295.602661    
   295.616913    
   295.448364    
   295.340027    
   295.317322    
   295.154053    
   295.037445    
   294.915314    
   294.835266    
   294.813965    
   294.815521    
   294.885712    
   294.945129    
   294.947205    
   295.194946    
   295.398193    
   295.545380    
   295.924896    
   296.175507    
   296.363434    
   296.509247    
   296.605316    
   296.675018    
   296.747925    
   296.804260    
   296.792053    
   296.518982    
   296.338196    
   296.302582    
   296.172729    
   296.110138    
   296.026367    
   295.955017    
   295.913513    
   295.877655    
   295.915955    
   296.006439    
   296.122528    
   296.330994    
   296.419525    
   296.370941    
   296.397430    
   296.471466    
   296.414825    
   296.438965    
   296.513092    
   296.571198    
   296.559082    
   296.320831    
   296.131012    
   296.070984    
   295.930542    
   295.794922    
   295.501465    
   295.338196    
   295.232544    
   295.166290    
   295.129333    
   295.093872    
   295.190826    
   295.277771    
   295.364532    
   295.747803    
   296.109161    
   296.312225    
   296.588531    
   296.724060    
   296.886261    
   296.979431    
   297.048676    
   297.108276    
   297.128510    
   297.132263    
   297.154297    
   296.842194    
   296.548859    
   296.477600    
   296.162994    
   295.856171    
   295.740875    
   295.691315    
   295.680817    
   295.674530    
   295.742523    
   295.797577    
   295.815887    
   296.001801    
   296.110748    
   296.175690    
   296.419922    
   296.636566    
   296.790619    
   296.903687    
   296.983185    
   297.025085    
   297.058685    
   297.094391    
   297.101501    
   296.879486    
   296.701355    
   296.636108    
   296.323730    
   296.072540    
   295.880737    
   295.763733    
   295.726501    
   295.690552    
   295.799652    
   295.910217    
   296.006317    
   296.519562    
   296.939209    
   297.047394    
   297.260925    
   297.383728    
   297.514801    
   297.602692    
   297.636902    
   297.661987    
   297.229218    
   297.163513    
   297.160400    
   297.160492    
   297.060669    
   296.993073    
   296.678589    
   296.419769    
   296.156250    
   296.007233    
   295.968719    
   295.955902    
   296.045837    
   296.132294    
   296.213928    
   296.686523    
   297.098114    
   297.210632    
   297.428406    
   297.586761    
   297.771820    
   297.901611    
   297.972839    
   298.028259    
   297.304932    
   297.168091    
   297.160858    
   297.160309    
   297.159546    
   297.056396    
   296.597412    
   296.322723    
   296.168701    
   296.078613    
   296.061981    
   296.071320    
   296.295868    
   296.448669    
   296.589752    
   297.080017    
   297.709045    
   297.889526    
   298.126709    
   298.275238    
   298.422119    
   298.555634    
   298.660431    
   298.739136    
   297.413849    
   297.168457    
   297.160583    
   297.160278    
   297.160278    
   297.160248    
   297.107635    
   296.877319    
   296.671356    
   296.566376    
   296.517731    
   296.499512    
   296.793579    
   297.023895    
   297.145294    
   297.159576    
   298.320557    
   298.620056    
   298.923218    
   299.100159    
   299.269073    
   299.365204    
   299.439636    
   299.487793    
   297.380127    
   297.161896    
   297.160126    
   297.160278    
   297.160004    
   297.160065    
   297.160126    
   297.160004    
   297.160034    
   297.160065    
   297.160004    
   297.160034    
   297.159973    
   297.159943    
   297.160034    
   297.159760    
   298.774261    
   299.073822    
   299.292694    
   299.437347    
   299.556396    
   299.662720    
   299.756683    
   299.826965    
   297.321228    
   297.160767    
   297.160187    
   297.160309    
   297.160156    
   297.160004    
   297.160156    
   297.160065    
   297.160065    
   297.159973    
   297.160004    
   297.160004    
   297.159912    
   297.159851    
   297.159973    
   297.159698    
   297.159790    
   297.159912    
   297.159912    
   297.159973    
   297.160065    
   297.159912    
   297.160065    
   297.160034    
   297.160156    
   297.160095    
   297.160217    
   297.160217    
   297.160065    
   297.160004    
   297.160126    
   297.160004    
   297.160004    
   297.160004    
   297.160004    
   297.160004    
   297.159943    
   297.159973    
   297.159912    
   297.159882    
   297.159821    
   297.159973    
   297.159882    
   297.159821    
   297.159851    
   297.160095    
   297.160004    
   297.160004    
   297.160187    
   297.160156    
   297.160095    
   297.160248    
   297.160065    
   297.159973    
   297.160095    
   297.160095    
   297.160034    
   297.160034    
   297.160004    
   297.160004    
   297.159973    
   297.159882    
   297.159851    
   297.159882    
   298.563110    
   298.904266    
   299.101013    
   299.171906    
   299.210541    
   299.246796    
   299.242950    
   299.268890    
   297.293030    
   297.160583    
   297.160187    
   297.160126    
   297.159973    
   297.160034    
   297.160126    
   297.160004    
   297.160065    
   297.160004    
   297.160004    
   297.160004    
   297.159912    
   297.159912    
   297.159851    
   297.159760    
   298.643585    
   299.014130    
   299.300537    
   299.467987    
   299.532013    
   299.613617    
   299.677551    
   299.741058    
   297.302063    
   297.160706    
   297.160278    
   297.160004    
   297.160034    
   297.160065    
   297.160126    
   297.160065    
   297.160095    
   297.160034    
   297.160034    
   297.160034    
   297.159943    
   297.159790    
   297.159821    
   297.159760    
   297.803223    
   297.923950    
   298.090851    
   298.205292    
   298.367889    
   298.506805    
   298.593170    
   298.638947    
   297.253815    
   297.160492    
   297.159973    
   297.160217    
   297.160126    
   297.160034    
   297.160065    
   297.160065    
   297.160065    
   297.159943    
   297.160004    
   297.159973    
   297.159912    
   297.159851    
   297.159760    
   297.159912    
   298.036957    
   298.384064    
   298.602173    
   298.700500    
   298.798218    
   298.893951    
   298.972107    
   299.022400    
   297.368225    
   297.161224    
   297.160187    
   297.160004    
   297.160156    
   297.160095    
   297.160217    
   297.160034    
   297.160126    
   297.160065    
   297.160034    
   297.146606    
   297.159546    
   297.159821    
   297.159821    
   297.159973    
   298.186523    
   298.579071    
   298.774536    
   298.859253    
   298.629547    
   298.429413    
   298.499512    
   298.581238    
   297.311493    
   297.160980    
   297.159973    
   297.160126    
   297.160095    
   297.160095    
   297.160156    
   297.160034    
   297.160126    
   297.160004    
   297.160004    
   297.146576    
   297.159607    
   297.159821    
   297.159760    
   297.159912    
   297.159882    
   297.159882    
   297.159851    
   297.160065    
   297.159912    
   297.159973    
   297.160126    
   297.160065    
   297.160034    
   297.160065    
   297.160126    
   297.160126    
   297.160156    
   297.160065    
   297.160156    
   297.160034    
   297.160095    
   297.160004    
   297.160065    
   297.160004    
   297.159912    
   297.159851    
   297.159882    
   297.159790    
   297.160034    
   297.159851    
   297.159882    
   297.160034    
   297.159790    
   297.160004    
   297.160065    
   297.159973    
   297.160126    
   297.160095    
   297.160065    
   297.159973    
   297.160034    
   297.160034    
   297.160156    
   297.160034    
   297.160095    
   297.160065    
   297.160034    
   297.160034    
   297.160034    
   297.160004    
   297.130005    
   297.157410    
   297.216309    
   297.209564    
   297.388611    
   297.661469    
   297.958740    
   298.142517    
   298.233368    
   298.291992    
   297.358002    
   297.162842    
   297.160126    
   297.160156    
   297.160187    
   297.160187    
   297.160126    
   297.082764    
   297.104492    
   297.158081    
   297.159973    
   297.155029    
   297.159241    
   297.134308    
   297.094788    
   297.156555    
   297.435303    
   297.570862    
   297.770050    
   297.882538    
   297.835602    
   297.750519    
   297.682587    
   297.629303    
   297.232208    
   297.161255    
   297.160004    
   297.160095    
   297.160065    
   297.160095    
   297.157043    
   297.116364    
   297.106537    
   297.071472    
   297.042725    
   297.023102    
   297.018555    
   297.008423    
   296.984467    
   297.070374    
   297.116730    
   297.111816    
   297.327026    
   297.533173    
   297.829071    
   298.028503    
   298.052490    
   298.047852    
   297.343628    
   297.164978    
   297.160095    
   297.160126    
   297.159912    
   297.159912    
   297.160004    
   297.146484    
   296.998962    
   296.894073    
   296.835968    
   296.794373    
   296.876282    
   296.958710    
   297.048706    
   297.153351    
   297.811798    
   298.088440    
   298.329193    
   298.486786    
   298.670105    
   298.797455    
   298.881836    
   298.949127    
   297.458557    
   297.164062    
   297.160370    
   297.160339    
   297.160126    
   297.160187    
   297.160278    
   297.160095    
   297.160187    
   297.148529    
   297.077911    
   296.999939    
   297.143372    
   297.159637    
   297.159790    
   297.159943    
   298.346161    
   298.689056    
   298.930206    
   299.093567    
   299.256409    
   299.378601    
   299.468140    
   299.547394    
   297.438690    
   297.161682    
   297.160217    
   297.160309    
   297.160156    
   297.160034    
   297.160126    
   297.160034    
   297.160095    
   297.160034    
   297.160034    
   297.160034    
   297.159851    
   297.159882    
   297.160004    
   297.159637    
   297.159760    
   297.159851    
   297.159851    
   297.159912    
   297.159912    
   297.159882    
   297.159851    
   297.160278    
   297.160095    
   297.160217    
   297.160217    
   297.160431    
   297.160187    
   297.160095    
   297.160065    
   297.160065    
   297.160034    
   297.160034    
   297.160004    
   297.159973    
   297.159912    
   297.159882    
   297.159851    
   297.159637    
   297.159729    
   297.159790    
   297.159821    
   297.159912    
   297.159821    
   297.159851    
   297.160034    
   297.160187    
   297.160278    
   297.160217    
   297.160217    
   297.160370    
   297.160217    
   297.160126    
   297.160187    
   297.160065    
   297.160004    
   297.160004    
   297.160004    
   297.160034    
   297.160004    
   297.159973    
   297.159882    
   297.159546    
   299.510681    
   299.976837    
   300.156464    
   300.160065    
   300.159943    
   300.159821    
   300.160126    
   300.160217    
   297.366333    
   297.160614    
   297.160339    
   297.160278    
   297.160156    
   297.160126    
   297.160187    
   297.160065    
   297.160095    
   297.160004    
   297.159973    
   297.159973    
   297.159973    
   297.159912    
   297.159851    
   297.159698    
   299.381714    
   299.864746    
   300.057373    
   300.158844    
   300.160095    
   300.160156    
   300.160156    
   300.160309    
   297.326874    
   297.160400    
   297.160217    
   297.160339    
   297.160156    
   297.160004    
   297.160126    
   297.160004    
   297.160126    
   297.159973    
   297.159943    
   297.159943    
   297.159912    
   297.159851    
   297.159851    
   297.159668    
   298.814911    
   299.327332    
   299.574890    
   299.742889    
   299.928528    
   300.066284    
   300.152740    
   300.160126    
   297.334045    
   297.160400    
   297.160217    
   297.160309    
   297.160095    
   297.160004    
   297.160156    
   297.160065    
   297.160126    
   297.160034    
   297.160004    
   297.159973    
   297.159851    
   297.159851    
   297.159882    
   297.159637    
   298.939209    
   299.465668    
   299.701538    
   299.849915    
   300.015839    
   300.138916    
   300.159882    
