   1.16795874    
   1.06187046    
  0.959523976    
  0.880288661    
  0.826171994    
  0.808751881    
  0.818796933    
  0.859784722    
  0.908430517    
  0.929578304    
  0.950244904    
  0.867307663    
  0.838854373    
  0.780026078    
  0.854849160    
   1.01706040    
   1.23488593    
   1.41396153    
   1.47168791    
   1.68284202    
   2.05098200    
   2.14435387    
   1.94347751    
   1.72223198    
   1.73045743    
   1.82010627    
   1.82424319    
   1.87029755    
   1.99649799    
   2.02203131    
   1.87580001    
   2.04270291    
   2.00765777    
   1.84534204    
   1.70261216    
   1.53837717    
   1.43140042    
   1.33520782    
   1.19419658    
   1.07758391    
  0.883474231    
  0.796717882    
  0.842761815    
  0.881883740    
  0.938156843    
  0.597214282    
  0.581822038    
  0.703021348    
  0.588349581    
  0.556805372    
  0.694338381    
  0.773015797    
  0.792126775    
  0.892654002    
   1.03895319    
   1.08313739    
   1.06608164    
  0.923111856    
  0.990011930    
  0.982438684    
   1.09943771    
   1.14031601    
   1.11527014    
   1.08008432    
   1.06544948    
   1.03894401    
  0.968416095    
  0.868514836    
  0.764071465    
  0.601852894    
  0.535171807    
  0.471736968    
  0.373232931    
  0.345549822    
  0.401117057    
  0.432891399    
  0.486100107    
  0.592203557    
  0.631517053    
  0.629940629    
  0.627338469    
  0.458598882    
  0.467450529    
  0.433532000    
  0.574975431    
  0.776962280    
  0.842406392    
  0.888737738    
  0.961615920    
   1.04460180    
   1.10073805    
   1.18187904    
   1.23836064    
   1.16819477    
   1.29590857    
   1.37036121    
   1.36461937    
   1.39466894    
   1.41988361    
   1.49988580    
   1.61026669    
   1.71525991    
   1.83384061    
   1.79623747    
   1.84687626    
   1.98260534    
   1.96649218    
   2.18749642    
   1.84120667    
   1.50744224    
   1.43734682    
   1.23014462    
  0.595225871    
   1.01161778    
   1.43345392    
   1.59564459    
   1.37491071    
   1.33855593    
   1.54404199    
   1.51898694    
   1.57661140    
   1.54063845    
   1.15754712    
   1.09157777    
   1.02148557    
  0.768363893    
  0.665460765    
  0.742617667    
  0.854868889    
   1.06039882    
  0.982708395    
  0.995711207    
   1.14257002    
   1.35442758    
   1.50146580    
   1.59629107    
   1.73660660    
   1.88979471    
   1.92097414    
   1.87516451    
   1.81969011    
   1.82108450    
   1.62884569    
   1.42074811    
   1.25074780    
   1.12358046    
   1.02157974    
  0.983971357    
   1.02302170    
   1.05528939    
   1.11025953    
   1.28934467    
   1.40967262    
   1.43368936    
   1.59133089    
   1.80997086    
   1.79461205    
   2.04875088    
   2.17603660    
   2.21094704    
   2.25275564    
   2.24500513    
   2.07224798    
   1.91702175    
   1.88066161    
   1.76316440    
   1.76363528    
   1.61703479    
   1.47043324    
   1.38103950    
   1.38937664    
   1.38350427    
   1.38519967    
   1.42809081    
   1.43327296    
   1.40776968    
   1.34159696    
  0.991411924    
  0.976275742    
   1.11935472    
   1.00016367    
   1.07128453    
   1.31639600    
   1.42986834    
   1.46033835    
   1.47072780    
   1.41644061    
   1.35109818    
   1.47195745    
   1.33200788    
   1.33142900    
   1.34192157    
   1.51664555    
   1.68191659    
   1.74246371    
   1.76554692    
   1.81850302    
   1.85482872    
   1.83903563    
   1.76663136    
   1.62815666    
   1.23473334    
   1.17356563    
   1.35276496    
   1.31300187    
   1.17479336    
   1.27901518    
   1.33345282    
   1.29742920    
   1.17768276    
   1.07650328    
   1.01647270    
  0.991475105    
  0.750039935    
  0.598198891    
  0.643948019    
  0.645737767    
  0.643764615    
  0.829458714    
  0.947877944    
  0.990280628    
   1.03565276    
   1.09671533    
   1.18750155    
   1.27850807    
   1.38053429    
   1.37875044    
   1.38657057    
   1.39561749    
   1.55942929    
   1.53565979    
   1.47461462    
   1.48748589    
   1.60652649    
   1.70321131    
   1.75779462    
   1.72299492    
   1.64968145    
   1.62649798    
   1.68640149    
   1.71774101    
   1.80721378    
   1.85598767    
   1.87734008    
   1.83744466    
   1.77155256    
   1.75548780    
   1.81672251    
   2.06260347    
   1.74155557    
   1.71119034    
   1.58624887    
   1.52872324    
   1.60594213    
   1.71847606    
   1.74066913    
   1.66974163    
   1.63869190    
   1.61616588    
   1.64850295    
   1.71870232    
   1.56473804    
   1.58865452    
   1.58664083    
   1.56222367    
   1.52270746    
   1.50107622    
   1.49526119    
   1.51186323    
   1.51692283    
   1.45437121    
   1.45168650    
   1.45129097    
   1.21440840    
   1.25082219    
   1.26558685    
   1.31615019    
   1.30622137    
   1.21347892    
   1.21408188    
   1.12093437    
   1.04824364    
  0.934459090    
  0.952310979    
  0.872010291    
  0.811542213    
  0.872889936    
  0.809567273    
  0.659583092    
  0.687501669    
  0.794065297    
  0.688118279    
  0.867985070    
   1.19367564    
   1.29692507    
   1.62142813    
   1.82699192    
   1.79711699    
   2.15672851    
   2.60182023    
   2.60205126    
   2.57012248    
   2.40438795    
   2.28942966    
   2.17709208    
   1.97305274    
   2.01323676    
   2.06514931    
   2.07508492    
   2.17340374    
   2.18157983    
   2.48883295    
   2.81553555    
   2.88493729    
   2.40811205    
   2.12978172    
   2.62807679    
   2.80250788    
   2.74885273    
   2.61451173    
   2.41577649    
   2.18704486    
   1.98641360    
   1.85717165    
   1.75641930    
   1.88756859    
   2.21775055    
   2.46446085    
   2.59515429    
   2.64543128    
   2.67418647    
   2.75591063    
   2.82006192    
   2.38953757    
   2.18438244    
   2.21111751    
   2.08248043    
   1.93426740    
   1.88230932    
   2.00136852    
   2.08599639    
   2.10721946    
   2.10265899    
   2.37349677    
   2.82784414    
   2.34463024    
   2.34966755    
   2.50844383    
   2.61487889    
   2.58393288    
   2.51939988    
   2.47614431    
   2.41681409    
   2.38954091    
   2.28070688    
   2.22144127    
   2.24870443    
   2.00651717    
   1.87259662    
   1.79398823    
   1.74547708    
   1.64023495    
   1.59333694    
   1.52403140    
   1.39889050    
   1.29477096    
   1.31415939    
   1.36284935    
   1.58831275    
   1.15352309    
   1.05221641    
   1.10186803    
   1.22264779    
   1.47246981    
   1.70043635    
   1.76655149    
   1.73074687    
   1.73751879    
   1.78481460    
   1.90908587    
   2.03822112    
   1.99404049    
   2.06984019    
   2.19518781    
   2.30592799    
   2.35011673    
   2.32932854    
   2.33113098    
   2.40489006    
   2.41687608    
   2.37533641    
   2.34526134    
   2.13326287    
   2.25756121    
   2.19344044    
   2.04930568    
   2.01689935    
   1.96012676    
   1.93405473    
   1.85535097    
   1.73365307    
   1.66093385    
   1.51877129    
   1.35974491    
   1.11701620    
  0.963045239    
  0.778151810    
  0.533644497    
  0.443153918    
   1.24531972    
   1.77312517    
   2.14952040    
   2.33326530    
   2.40990782    
   2.44839978    
   2.33843946    
   2.23423719    
   2.21632290    
   2.03955913    
   1.99335444    
   1.91581547    
   1.86801505    
   1.83378839    
   1.81172168    
   1.76599300    
   1.65891719    
   1.65649223    
   1.68368304    
   1.54546654    
  0.965581715    
   1.06029499    
   1.04677820    
  0.831823528    
  0.914508283    
  0.912981153    
  0.865197003    
  0.888342619    
  0.810488760    
  0.840188205    
  0.951656103    
  0.978217065    
  0.841674209    
  0.984467566    
   1.13905227    
   1.29730403    
   1.44164729    
   1.56458271    
   1.61055160    
   1.62995410    
   1.68187094    
   1.71657896    
   1.76176071    
   1.81856155    
   1.64924145    
   1.67540240    
   1.72568572    
   1.78796768    
   1.74969387    
   1.73830509    
   1.77075255    
   1.78425062    
   1.79582047    
   1.86179030    
   1.83276737    
   2.03385901    
   1.57276177    
   1.66553307    
   1.77347624    
   1.90254939    
   2.02234411    
   2.12604308    
   2.16336131    
   2.10943723    
   2.11481452    
   2.09714127    
   2.06546664    
   2.03023291    
   1.87533331    
   1.83050179    
   1.77639055    
   1.69168162    
   1.61494803    
   1.58740473    
   1.56480932    
   1.50837374    
   1.49809492    
   1.51700568    
   1.58200514    
   1.95031083    
   1.51427174    
   1.47224879    
   1.48382831    
   1.45289588    
   1.48901069    
   1.53123188    
   1.36155188    
   1.17636275    
   1.23071563    
   1.20899928    
   1.12618363    
   1.06709230    
   1.17108774    
   1.22084558    
   1.25316679    
   1.20683348    
   1.19467652    
   1.23957920    
   1.28842282    
   1.33593500    
   1.31834900    
   1.30289698    
   1.34106934    
   1.39749682    
  0.953970432    
   1.02086163    
   1.01128137    
  0.995927036    
   1.04356027    
   1.13316667    
   1.15706062    
   1.14622819    
   1.07281721    
  0.996025562    
  0.937513828    
  0.858805954    
  0.851887703    
  0.784388304    
  0.811488926    
  0.789367199    
  0.754404545    
  0.668260455    
  0.620564282    
  0.585344732    
  0.585209191    
  0.539865196    
  0.525779665    
  0.598062813    
  0.565658271    
  0.588894367    
  0.675598085    
  0.597091377    
  0.509707689    
  0.419042021    
  0.366072983    
  0.432690501    
  0.520592570    
  0.520590901    
  0.457698554    
  0.427150518    
  0.453588873    
  0.376877248    
  0.409953445    
  0.613578439    
  0.574245632    
  0.574135900    
  0.224540055    
  0.105069116    
  0.278852224    
  0.503244102    
  0.494838506    
  0.511294603    
  0.228483677    
  0.128918543    
  0.135247096    
  0.148604378    
  0.279630423    
  0.336732537    
  0.337466896    
  0.468801409    
  0.396931499    
  0.433704644    
  0.489232540    
  0.544149816    
  0.410193771    
  0.508713007    
  0.517543316    
  0.495838046    
  0.563775659    
  0.588949621    
  0.539736211    
  0.675158024    
  0.838163018    
  0.973149955    
   1.04539084    
   1.23006737    
   1.02328694    
  0.964926541    
  0.927564979    
  0.828241646    
  0.898930192    
   1.05610263    
   1.15840805    
   1.08813572    
   1.02506673    
  0.979014218    
  0.909066379    
  0.844323277    
  0.640324473    
  0.541590989    
  0.383511722    
  0.263137162    
  0.307431251    
  0.347279996    
  0.498546809    
  0.553049088    
  0.649145246    
  0.778639913    
  0.884713531    
  0.952497959    
  0.927528262    
  0.983951747    
  0.960492313    
  0.948606610    
  0.995830894    
   1.01700103    
   1.01989198    
  0.961366236    
  0.872381210    
  0.830757380    
  0.864561319    
  0.871277213    
  0.696266294    
  0.607919216    
  0.638933241    
  0.608939230    
  0.478502423    
  0.503216326    
  0.644157946    
  0.744085491    
  0.761926055    
  0.824617684    
  0.937648058    
   1.11810923    
   1.43944633    
   1.16321576    
   1.29271495    
   1.34267139    
   1.35443735    
   1.43720639    
   1.55371749    
   1.64459407    
   1.70680189    
   1.78574872    
   1.83048117    
   1.86719167    
   1.69790292    
   1.70287168    
   1.72771668    
   1.77736378    
   1.81324661    
   1.84814799    
   1.87971950    
   1.92038858    
   1.93204927    
   1.98892653    
   1.86521637    
   1.89283562    
   2.12588930    
   1.80040622    
   1.71485722    
   1.71503401    
   1.65171790    
   1.59152663    
   1.54022586    
   1.45699906    
   1.34932673    
   1.27546883    
   1.23674285    
   1.16835701    
   1.09749365    
  0.976716101    
  0.882048428    
  0.867667913    
  0.831518114    
  0.788813055    
  0.624920130    
  0.444293857    
  0.375207692    
  0.261603206    
  0.241874754    
  0.158280641    
  0.181402877    
  0.155754045    
  0.257100880    
   6.17469177E-02
  0.139889136    
  0.346945196    
  0.418515891    
  0.618577182    
  0.657490373    
  0.631925344    
  0.626173675    
  0.734990239    
  0.519943118    
  0.491216272    
  0.589315414    
  0.743701100    
  0.903410852    
   1.00773346    
   1.08559799    
   1.25725770    
   1.44616866    
   1.62665451    
   1.92202628    
   2.01452065    
   1.56301725    
   1.58749890    
   1.81737506    
   1.91157091    
   1.82757246    
   1.80227590    
   1.78521037    
   1.79181242    
   1.76158452    
   1.68496323    
   1.64158404    
   1.64527345    
   1.54839468    
   1.49344075    
   1.43730617    
   1.47127020    
   1.47107720    
   1.40425372    
   1.39640296    
   1.38400638    
   1.35683131    
   1.32552540    
   1.23828983    
   1.26043200    
   1.16580033    
   1.12280214    
   1.26084435    
   1.31858432    
   1.35089147    
   1.38436794    
   1.36951482    
   1.33042645    
   1.18640995    
  0.980866611    
  0.874043703    
  0.798409045    
  0.514147997    
  0.451827556    
  0.424516678    
  0.516219556    
  0.953040957    
   1.20045662    
   1.22607529    
   1.12416494    
   1.10807812    
   1.16394615    
   1.43838120    
   1.51911545    
   1.06532097    
   1.26887536    
   1.06125259    
  0.959038138    
   1.09461033    
   1.31546164    
   1.46938992    
   1.52946305    
   1.54772770    
   1.58312559    
   1.57612896    
   1.55128527    
   1.49254334    
   1.51249099    
   1.47556150    
   1.43187404    
   1.45270789    
   1.50402486    
   1.52295554    
   1.45238745    
   1.44388330    
   1.49640322    
   1.74462748    
   1.81464231    
   1.51046181    
   1.52276897    
   1.35226190    
   1.04340351    
  0.905982196    
   1.05984581    
   1.01663446    
  0.918211758    
   1.09794915    
   1.18441081    
   1.09105670    
   1.03478634    
  0.872158766    
  0.921302438    
  0.943920076    
  0.881745338    
  0.824661791    
  0.779478431    
  0.701864421    
  0.653526783    
  0.715663373    
  0.853485107    
  0.830295026    
  0.739672840    
  0.695521951    
  0.658140838    
  0.591776073    
  0.647199571    
  0.735934079    
  0.815529764    
  0.849790633    
  0.927186966    
  0.923485577    
  0.932116449    
  0.865577519    
  0.618286073    
  0.652330518    
  0.443783045    
  0.397433132    
  0.536988854    
  0.643673062    
  0.646329463    
  0.627773464    
  0.671058357    
  0.716517389    
  0.651842773    
  0.603303730    
  0.618892372    
  0.518896997    
  0.544318020    
  0.557766318    
  0.587047756    
  0.813229382    
  0.941651106    
  0.896989882    
  0.808981895    
  0.727052450    
  0.703347802    
  0.663537085    
  0.675421596    
  0.499640256    
  0.488113701    
  0.557911038    
  0.571082413    
  0.466709942    
  0.396053791    
  0.413857341    
  0.401670486    
  0.314459413    
  0.387153536    
  0.358546078    
  0.310901374    
  0.272640914    
  0.283479869    
  0.391106367    
  0.475516707    
  0.641252160    
  0.766045988    
  0.875713468    
  0.977671266    
   1.07684326    
   1.12990940    
   1.17137122    
   1.23775160    
   1.18521667    
   1.18270504    
   1.16759896    
   1.11760640    
   1.09236228    
   1.10308385    
   1.07589459    
   1.04228687    
  0.998185039    
  0.994968712    
  0.910997927    
  0.839345574    
  0.751277864    
  0.672293961    
  0.634269655    
  0.612356067    
  0.515079439    
  0.542475224    
  0.581337690    
  0.592255354    
  0.624562979    
  0.742438138    
  0.854796886    
  0.968702078    
   1.08941591    
   1.04503572    
   1.10743046    
   1.26331556    
   1.35742486    
   1.45988929    
   1.53447711    
   1.60409963    
   1.67532980    
   1.73748732    
   1.75113559    
   1.83039498    
   1.74363232    
   1.62941456    
   1.57262862    
   1.64979672    
   1.71871126    
   1.77225983    
   1.80455720    
   1.80737388    
   1.76220715    
   1.66987419    
   1.56652141    
   1.47684574    
   1.35941696    
   1.31521249    
   1.31711042    
   1.19096553    
   1.17505825    
   1.11036944    
  0.929530084    
  0.842663288    
  0.998323977    
   1.13097036    
   1.28578007    
   1.23750174    
   1.22405028    
   1.27586198    
   1.32113075    
   1.38923848    
   1.40858078    
   1.46657610    
   1.49407268    
   1.46825325    
   1.39316571    
   1.30462456    
   1.26014555    
   1.19309855    
   1.17393780    
   1.08293891    
  0.951571047    
  0.887515664    
  0.904199541    
  0.899450362    
  0.834589303    
  0.811348736    
  0.878789008    
   1.03522313    
   1.10160089    
   1.10372555    
  0.971345544    
  0.942250311    
  0.806528628    
  0.563761413    
  0.633018613    
  0.808130920    
  0.937974811    
  0.969601929    
  0.986833155    
  0.940327823    
  0.998782039    
  0.950454533    
   1.04916000    
   1.09770381    
   1.02227652    
   1.04724622    
   1.12155950    
   1.24603736    
   1.35583794    
   1.36187756    
   1.38477683    
   1.34929883    
   1.83133304    
   1.65196359    
   1.30345166    
   1.43010604    
   1.66690958    
   1.69042075    
   1.55653560    
   1.50708866    
   1.57675099    
   1.56600070    
   1.49990308    
   1.37904060    
   1.41073728    
   1.45056033    
   1.40050614    
   1.46598375    
   1.50126088    
   1.55560172    
   1.54251385    
   1.59239519    
   1.56310177    
   1.49199712    
   1.39921021    
   1.33573103    
   1.43768370    
   1.28392124    
   1.15601170    
   1.13967800    
   1.01071846    
   1.01785707    
   1.12589598    
   1.22256732    
   1.28554618    
   1.34630632    
   1.41555166    
   1.42406714    
   1.42009604    
   1.44886065    
   1.46659684    
   1.46985292    
   1.38504779    
   1.32528555    
   1.22703552    
   1.14592850    
   1.17287385    
   1.19787014    
   1.22589207    
   1.28897381    
   1.42997813    
   1.70674872    
   1.65172696    
   1.58754277    
   1.64445698    
   1.55788338    
   1.56904292    
   1.49872863    
   1.49226773    
   1.66022623    
   1.75241470    
   1.83136451    
   1.87654412    
   1.87606049    
   1.87499869    
   1.91659963    
   1.93937135    
   2.03322935    
   2.11076832    
   2.18719864    
   2.19554305    
   2.18995309    
   2.14517975    
   2.07811975    
   1.89320743    
   2.49328184    
   1.98170865    
   1.72935963    
   1.61192906    
   1.48351240    
   1.40968227    
   1.39486110    
   1.50025129    
   1.63730466    
   1.72047603    
   1.74980509    
   1.73087597    
   1.76570010    
   1.85774422    
   1.93437421    
   2.01402688    
   1.96271336    
   1.91979885    
   1.87036431    
   1.80184174    
   1.81633699    
   1.87825894    
   1.78283131    
   1.80909729    
   1.96416116    
   1.76686192    
   1.69449365    
   1.63229024    
   1.70329285    
   1.70681024    
   1.75297058    
   1.86280286    
   1.94046211    
   1.96632373    
   1.95248413    
   1.92531836    
   1.88912976    
   1.89714682    
   1.92204261    
   1.92502880    
   1.88377941    
   1.77976990    
   1.69291210    
   1.67549789    
   1.71791494    
   1.80531299    
   1.85639858    
   1.82152724    
   1.83701921    
   1.59122741    
   1.51657021    
   1.50129747    
   1.56546068    
   1.59456992    
   1.66990662    
   1.76011479    
   1.78932607    
   1.76344097    
   1.72835469    
   1.71880472    
   1.74688554    
   1.88832402    
   1.90500331    
   1.91912401    
   1.85222435    
   1.76062858    
   1.70610952    
   1.68317878    
   1.66768944    
   1.68729115    
   1.74165225    
   1.73211682    
   1.80459678    
   1.55542636    
   1.48276854    
   1.48496914    
   1.46340513    
   1.45310664    
   1.46793151    
   1.52576327    
   1.56368649    
   1.64402270    
   1.79531896    
   1.84690678    
   1.85763609    
   1.66401374    
   1.65573370    
   1.63907635    
   1.61352956    
   1.67178583    
   1.75520360    
   1.81466734    
   1.97161841    
   2.21522379    
   2.67007327    
   2.57258463    
   2.60320926    
   2.36949325    
   2.88988400    
   2.98917842    
   2.87062860    
   2.89450336    
   2.88344097    
   2.80255508    
   2.75341034    
   2.83398938    
   2.93028569    
   2.81380081    
   2.83980751    
   2.78458095    
   2.74839449    
   2.67247152    
   2.47085714    
   2.25991964    
   2.06828165    
   1.85686612    
   1.76075709    
   1.68805015    
   1.58541238    
   1.46085227    
   1.40762830    
   1.42368221    
   1.64980221    
   1.60970712    
   1.46077394    
   1.28574455    
   1.22586656    
   1.41021287    
   1.55021513    
   1.63025033    
   1.67838752    
   1.64139462    
   1.62656856    
   1.67159367    
   1.61821783    
   1.53872001    
   1.53802538    
   1.56017613    
   1.50858927    
   1.53444064    
   1.65114844    
   1.81608176    
   1.84373319    
   1.88394082    
   2.26546717    
   2.25794744    
   2.34708190    
   2.95655131    
   3.05652189    
   2.97653961    
   2.76413345    
   2.56222773    
   2.45522904    
   2.39573503    
   2.36530018    
   2.35875368    
   2.44310737    
   2.27495027    
   2.28502226    
   2.26921320    
   2.34643865    
   2.42521501    
   2.26227975    
   2.10711336    
   2.00476384    
   1.95839155    
   2.11107183    
   2.40961003    
   2.38497138    
   2.37623096    
   2.32678056    
   2.15205956    
   1.81463361    
   1.65368021    
   1.50658286    
   1.45081747    
   1.56266034    
   1.59916437    
   1.67720723    
   1.77311003    
   1.73104715    
   1.68731642    
   1.66230822    
   1.65731227    
   1.61328208    
   1.57856429    
   1.56649375    
   1.53364599    
   1.48150611    
   1.42680740    
   1.40159380    
   1.73845685    
   1.71645784    
   1.37672293    
   1.30054760    
   1.35367286    
   1.04916036    
   1.17920542    
   1.49237633    
   1.69803309    
   1.86429560    
   1.93481028    
   1.93154180    
   1.90321338    
   1.92867887    
   1.94283354    
   1.87160444    
   1.84485209    
   1.85611999    
   1.73718381    
   1.76664388    
   1.83499324    
   1.96855140    
   2.10307789    
   1.82729673    
   2.28277898    
   2.57238722    
   1.88801837    
   1.86614478    
   1.89322412    
   1.91240144    
   1.99636638    
   2.08712316    
   2.35599637    
   2.40831351    
   2.32838297    
   2.33663416    
   2.37401152    
   2.27538514    
   2.13375759    
   1.94415903    
   1.87923288    
   1.93473148    
   1.92926693    
   1.83145940    
   1.79682183    
   1.74689102    
   1.72152853    
   1.61725092    
   1.79864573    
   1.81886232    
   1.56056011    
   1.69251120    
   1.78807521    
   1.67337275    
   1.42517304    
   1.16496706    
  0.986133635    
   1.07254851    
  0.992278159    
  0.870014787    
  0.815866828    
  0.776905060    
  0.784283519    
  0.719110310    
  0.644848347    
  0.624983788    
  0.600897253    
  0.593009531    
  0.615951180    
  0.639515579    
  0.674833477    
  0.644640565    
  0.663130522    
  0.769771159    
   1.02820241    
   1.12379706    
   1.01177382    
  0.742609859    
  0.532155752    
  0.660827458    
  0.850746512    
   1.00578356    
   1.11040020    
   1.14766443    
   1.16407144    
   1.18953836    
   1.32928455    
   1.29123557    
   1.23375082    
   1.25146759    
   1.27529454    
   1.28032589    
   1.33196723    
   1.41546977    
   1.51700115    
   1.57588995    
   1.63346994    
   1.74748623    
   1.39455044    
   1.45314181    
   1.49261749    
   1.49280214    
   1.51207459    
   1.60393763    
   1.66339457    
   1.56003571    
   1.54792058    
   1.50975180    
   1.42476213    
   1.35342085    
   1.38794696    
   1.35453081    
   1.33495045    
   1.29022467    
   1.20779610    
   1.13653135    
   1.06201422    
  0.985478997    
   1.00936294    
  0.979284346    
  0.954514325    
   1.03138721    
   1.24988055    
   1.21357882    
   1.07742620    
  0.716435254    
  0.511317372    
  0.595125973    
  0.717034221    
  0.833969653    
  0.904074013    
   1.01501226    
   1.12965548    
   1.20795727    
   1.01461637    
  0.929343522    
  0.908789814    
  0.974007428    
   1.10811400    
   1.27646673    
   1.37714875    
   1.44000757    
   1.49118567    
   1.64540982    
   1.62558150    
   1.59421623    
   1.44123971    
   1.43027627    
   1.52298427    
   1.58688056    
   1.44792318    
   1.37269926    
   1.38717139    
   1.35549271    
   1.26008785    
   1.12639797    
   1.09901536    
   1.14084828    
   1.18672919    
   1.17384851    
   1.11647725    
   1.06456888    
   1.04760826    
   1.09077656    
   1.11305213    
   1.16794324    
   1.26156271    
   1.20024896    
   1.26517773    
   1.46907139    
   1.43640256    
   1.33559942    
   1.17009306    
  0.991244793    
  0.653659046    
  0.823665202    
  0.758187056    
  0.892719805    
  0.935010195    
  0.832487702    
  0.866813242    
  0.976549864    
  0.744006574    
  0.706938267    
  0.735572934    
  0.933606505    
  0.834315419    
  0.746679187    
  0.796754122    
  0.833333492    
  0.467570513    
  0.318442315    
  0.258208603    
  0.251564652    
  0.214330509    
  0.258657306    
  0.284187675    
  0.214483097    
  0.502995729    
  0.824945629    
  0.776694179    
  0.815379918    
  0.825818002    
  0.818506658    
  0.833501995    
  0.723916054    
  0.708367705    
  0.604049742    
  0.614147365    
  0.639757097    
  0.617121994    
  0.544996500    
  0.557599783    
  0.535155892    
  0.650096655    
  0.472410887    
  0.383275390    
  0.460117906    
  0.294321328    
  0.344516903    
  0.328747213    
  0.425968707    
  0.740004301    
  0.866697729    
  0.745048881    
  0.668378949    
  0.706756234    
  0.727213562    
  0.747755349    
  0.806028247    
  0.722715855    
  0.682806849    
  0.684087157    
  0.685384631    
  0.730012000    
  0.737942874    
  0.786817193    
  0.828199983    
  0.871964693    
  0.683371127    
  0.614412189    
  0.622476280    
  0.564174175    
  0.626464427    
  0.698769391    
  0.554895163    
  0.674936652    
  0.837093949    
  0.696862817    
  0.693666399    
  0.758648455    
  0.781383872    
  0.686959445    
  0.830346704    
  0.748869181    
  0.910770297    
  0.980494857    
   1.05632579    
   1.26348877    
   1.26615787    
   1.18462861    
   1.32676220    
   1.53166115    
   1.51234424    
   1.54030061    
   1.56438386    
   1.56532645    
   1.68340409    
   1.73303390    
   1.93081629    
   1.85444999    
   1.72909808    
   1.76651919    
   1.80275977    
   1.79617167    
   1.75479913    
   1.74386299    
   1.72599351    
   1.54139948    
   1.53531885    
   1.57971931    
   1.67750692    
   1.79449451    
   1.84995306    
   1.91823852    
   1.94472539    
   1.91674089    
   2.19425368    
   2.31054044    
   2.36570168    
   2.34994936    
   2.34416318    
   2.24979758    
   1.96742404    
   1.82012439    
   1.73975849    
   1.64551771    
   1.52370143    
   1.37885439    
   1.27996719    
   1.16965580    
   1.15444362    
   1.05205107    
  0.972676933    
  0.889567018    
  0.906417549    
  0.918163657    
  0.932934761    
  0.943306267    
  0.993421376    
   1.11414361    
   1.21970570    
   1.37141228    
   1.83657241    
   1.71555161    
   1.75879538    
   1.81376779    
   1.73288190    
   1.66102505    
   1.66334295    
   1.67417204    
   1.62251937    
   1.55737686    
   1.48586130    
   1.40388227    
   1.35310102    
   1.27975357    
   1.13321424    
  0.991172791    
  0.950327218    
  0.934894025    
  0.963217974    
  0.985301077    
   1.02641749    
  0.999481380    
   1.01322699    
   1.12084746    
   1.18634796    
  0.893645704    
  0.838083923    
  0.809117258    
  0.752576292    
  0.554549336    
  0.750837684    
  0.655730605    
  0.603621662    
  0.612116575    
  0.589707792    
  0.672770977    
   1.03253639    
   1.09606075    
   1.21579897    
   1.30229521    
   1.36097765    
   1.40271294    
   1.40266585    
   1.42061949    
   1.50970459    
   1.49183464    
   1.60100973    
   1.65481579    
   1.65548873    
   1.68776786    
   1.70510924    
   1.61674023    
   1.60898733    
   1.60451865    
   1.46689200    
   1.44951403    
   1.42581737    
   1.38068545    
   1.30043197    
   1.23862553    
   1.15583098    
   1.10790956    
   1.09410214    
   1.09868801    
   1.12509048    
   1.15570092    
   1.16511977    
   1.13406897    
   1.20642841    
   1.32998085    
   1.31595099    
   1.38117039    
   1.46074545    
   1.44010234    
   1.43009222    
   1.46874571    
   1.49735570    
   1.35235214    
   1.28105831    
   1.35712159    
   1.47099233    
   1.50170434    
   1.48698616    
   1.43399930    
   1.36350310    
   1.25825465    
   1.22838521    
   1.20698309    
   1.22472525    
   1.27705860    
   1.32606232    
   1.36294127    
   1.39236045    
   1.38134837    
   1.43864608    
   1.52368641    
   1.62867951    
   1.49146807    
   1.58268332    
   1.69729125    
   1.68199515    
   1.42738402    
   1.28899634    
   1.25387251    
   1.22264433    
   1.16202950    
   1.07811427    
  0.977249324    
  0.874683559    
  0.847351253    
  0.770819962    
  0.709347427    
  0.682660878    
  0.667378664    
  0.669476688    
  0.728951633    
  0.536850512    
  0.590886414    
  0.498053640    
  0.525982976    
  0.644540429    
  0.624791443    
  0.737970591    
  0.805927038    
  0.845393300    
  0.720143080    
  0.775195777    
  0.851971328    
  0.832417369    
  0.803722560    
  0.777264893    
  0.762162864    
  0.772644103    
  0.854713917    
  0.762076676    
  0.737440586    
  0.785303891    
  0.677848458    
  0.678527355    
  0.756316543    
  0.802495837    
  0.776255131    
  0.791750908    
  0.942786992    
   1.04936492    
   1.16429555    
   1.15126216    
   1.09826767    
   1.10602641    
   1.05880916    
  0.911143780    
  0.927785933    
  0.972865105    
  0.922964871    
  0.838506997    
  0.821315706    
  0.778845668    
  0.682458639    
  0.540217876    
  0.526094913    
  0.570405841    
  0.540309250    
  0.566836238    
  0.587137043    
  0.736557364    
  0.790925801    
  0.826935470    
   1.23904645    
   1.21532500    
   1.29595053    
   1.34002280    
   1.35002887    
   1.38105166    
   1.23044598    
   1.28560483    
   1.44312119    
   1.59371817    
   1.62319160    
   1.60866106    
   1.57218683    
   1.56399608    
   1.52295554    
   1.47377360    
   1.35825741    
   1.30619717    
   1.28035367    
   1.26873457    
   1.22160196    
   1.16266525    
   1.08674455    
   1.17185187    
   1.08078039    
   1.21268773    
   1.24876964    
   1.51443970    
   1.59744608    
   1.36255336    
   1.09729195    
  0.891825497    
  0.909433007    
  0.985764563    
   1.09618604    
   1.24891984    
   1.34226477    
   1.41867959    
   1.07071567    
   1.03241313    
  0.998220146    
   1.01431417    
  0.981015861    
  0.890743315    
  0.810470819    
  0.833093226    
  0.848735034    
  0.849687576    
  0.864849389    
  0.926728427    
  0.848919034    
  0.902426302    
  0.989936054    
   1.00676262    
  0.751326740    
  0.636759400    
  0.709258139    
  0.765965402    
  0.785029829    
  0.819914222    
  0.849526644    
  0.765383661    
  0.772683918    
  0.938455403    
   1.03992295    
   1.00945306    
  0.901781857    
  0.854846060    
  0.915829360    
  0.508622944    
  0.562127948    
  0.549966455    
   1.01687670    
   1.26947832    
   1.23659182    
   1.28035557    
   1.24603355    
   1.23594165    
   1.00945008    
  0.794245183    
  0.835841775    
  0.949727297    
  0.933187962    
  0.915036023    
  0.920679092    
  0.928115785    
  0.858148992    
  0.803705037    
  0.813515186    
  0.794258177    
  0.763907671    
  0.749903142    
  0.761898577    
  0.886212528    
  0.853935361    
  0.848480701    
  0.905111313    
   1.03511858    
  0.976869524    
  0.940905035    
  0.932618618    
  0.901716530    
  0.654141068    
  0.843376398    
   1.02575076    
   1.07365847    
   1.05091441    
   1.03599930    
   1.06330299    
  0.922018170    
  0.886933386    
  0.767047703    
  0.768074811    
  0.700884700    
  0.694377959    
  0.786486268    
  0.910048962    
   1.01813400    
   1.13117063    
   1.06115425    
   1.14126408    
   1.28646994    
   1.15696549    
   1.15938687    
   1.18803787    
   1.10713613    
  0.912235081    
  0.860590279    
  0.942638576    
  0.972541571    
  0.960334420    
  0.912780762    
  0.852035403    
  0.796464860    
  0.794353366    
  0.734041691    
  0.725565314    
  0.710786521    
  0.721345901    
  0.778385460    
  0.704333723    
  0.586756110    
  0.581036270    
  0.478853106    
  0.422755718    
  0.451659858    
  0.490767390    
  0.547244370    
  0.599357903    
  0.564783096    
  0.653846443    
  0.840452075    
  0.860832334    
  0.952972829    
  0.931205392    
   1.00692320    
  0.964539647    
  0.944096804    
  0.900680482    
  0.903622925    
  0.937978506    
  0.948034108    
  0.974323928    
   1.01701498    
   1.08814299    
   1.19893074    
   1.24411273    
   1.20816064    
   1.34277582    
   1.49519241    
   1.25588822    
   1.29035187    
   1.33684576    
   1.27180445    
   1.27712369    
   1.27389205    
   1.39283621    
   1.47520852    
   1.53844070    
   1.63965917    
   1.56873620    
   1.49063909    
   1.46747112    
   1.42467248    
   1.32342148    
   1.26746631    
   1.25146091    
   1.24416530    
   1.29436159    
   1.38540578    
   1.48737073    
   1.54893625    
   1.63815367    
   1.69939661    
   1.32071722    
   1.29315341    
   1.29520333    
   1.21936250    
   1.19022274    
   1.18261552    
   1.17676234    
   1.09285307    
  0.950042665    
  0.762971222    
  0.955296814    
  0.794617653    
  0.758037686    
  0.677096844    
  0.626066208    
  0.746468306    
  0.909210861    
   1.03785622    
   1.17035639    
   1.26329255    
   1.32584143    
   1.26688087    
   1.28995669    
   1.31166208    
   1.11813283    
   1.10657096    
   1.04572439    
   1.07952499    
   1.16059875    
   1.21740806    
   1.23276412    
   1.20627427    
   1.15149295    
   1.09611118    
   1.00238454    
  0.906254232    
  0.820060670    
  0.777322769    
  0.738394618    
  0.730752766    
  0.719129145    
  0.781172037    
  0.675573349    
  0.764591813    
  0.674466252    
  0.627005637    
  0.631587386    
  0.685791612    
  0.585697293    
  0.602733254    
  0.535238385    
  0.446793467    
  0.714863956    
  0.894956350    
  0.945879161    
   1.00022388    
   1.00094020    
   1.02040172    
  0.888429463    
  0.795872748    
  0.673308134    
  0.514247477    
  0.487490118    
  0.482530385    
  0.534329772    
  0.680059016    
  0.819389224    
  0.488805532    
  0.471588939    
  0.441484988    
  0.537348032    
  0.606919944    
  0.710865259    
  0.668056488    
  0.499630004    
  0.485913545    
  0.351685882    
  0.178001687    
   6.70615286E-02
  0.263138294    
  0.523049116    
  0.739150107    
  0.893313944    
  0.994845927    
   1.07664609    
  0.990358174    
  0.902105212    
  0.990731835    
  0.980025351    
  0.911938369    
  0.686734378    
  0.670926809    
  0.484563053    
  0.426071405    
  0.452999413    
  0.567206264    
  0.846733332    
  0.912676513    
  0.922232628    
  0.873831332    
  0.651881337    
  0.693279982    
  0.735124707    
  0.771155536    
  0.947587967    
   1.17912591    
   1.37223148    
   1.51348853    
   1.53195369    
   1.58791471    
   1.69465065    
   1.82882285    
   1.94365442    
   2.00201392    
   2.01305103    
   2.05669022    
   2.11826134    
   2.13137579    
   2.29418683    
   2.86194944    
   2.76164651    
   2.66227889    
   2.53327942    
   2.41219187    
   2.06657624    
   1.77284563    
   1.69346392    
   1.77704895    
   1.81256092    
   1.89116037    
   1.95486486    
   2.09475565    
   1.80819225    
   1.96830428    
   2.24370885    
   2.40852046    
   2.53279495    
   2.40955448    
   2.59810328    
   2.88643408    
   3.08097029    
   3.25727987    
   3.38021541    
   3.44170094    
   3.29691625    
   3.80639148    
   3.68974066    
   3.38009501    
   2.97664022    
   2.57817888    
   2.50063515    
   2.39102030    
   2.21876121    
   2.15550542    
   2.11468291    
   2.03923440    
   1.96706676    
   1.76023960    
   1.56551409    
   1.48956430    
   1.36973953    
   1.26108646    
   1.20148933    
   1.32245100    
   1.36306024    
   1.71971071    
   2.11961603    
   2.30741072    
   2.54227161    
   2.66614366    
   2.56187344    
   2.67011285    
   2.15725946    
   1.94199121    
   2.03605580    
   2.40468264    
   2.85648966    
   2.75796676    
   2.30006742    
   2.06395817    
   1.95009446    
   1.92916739    
   1.96656787    
   2.07505584    
   2.10270739    
   2.10304546    
   2.08054733    
   1.99785590    
   2.19803929    
   2.06905389    
   1.78252852    
   1.46708369    
   1.26978135    
   1.01566768    
  0.905754089    
  0.866222858    
  0.983539701    
  0.704390347    
  0.738908350    
  0.663216174    
  0.570703149    
  0.714223385    
  0.745811820    
  0.747271240    
  0.744049430    
  0.640879571    
  0.842158556    
  0.954386413    
   1.01962364    
   1.03145242    
   1.05773389    
  0.926151693    
  0.804941475    
  0.926514506    
   1.26799858    
   1.34850836    
   1.28074479    
   1.41241324    
   1.36552405    
   1.07158399    
  0.690263331    
  0.294280112    
  0.375297487    
  0.900101304    
   1.11287153    
   1.00414217    
  0.793438613    
  0.791338384    
   1.00538778    
  0.878338397    
  0.900772572    
  0.869147003    
  0.832884967    
  0.784453869    
  0.672426999    
  0.698010564    
  0.754367471    
  0.852742195    
  0.927285790    
   1.14341557    
   1.21857512    
   1.28522706    
   1.23681712    
   1.13989174    
  0.808382869    
  0.642266095    
  0.643729448    
  0.722129643    
  0.714777529    
  0.728854179    
  0.580074608    
  0.559484005    
  0.663393795    
  0.764542222    
  0.836453438    
  0.885870874    
  0.962926924    
   1.03726757    
   1.28283608    
   1.41079116    
   1.45667565    
   1.57296813    
   1.64159667    
   1.64780986    
   1.66936290    
   1.86323452    
   1.84548211    
   2.03039384    
   1.95246482    
   1.86470687    
   1.84983659    
   1.93402910    
   1.94137847    
   1.90288162    
   1.73946810    
   1.78238809    
   1.82729375    
   1.77064455    
   1.77682459    
   1.84233785    
   1.84827721    
   1.85707128    
   1.78592348    
   1.67377019    
   2.22260928    
   2.08872676    
   2.00960946    
   2.08423042    
   1.99571931    
   1.99911809    
   1.83658111    
   1.86938691    
   1.73495173    
   2.12428856    
   2.12921476    
   2.12376189    
   2.02381659    
   1.89542150    
   1.82635248    
   1.83871579    
   1.88519335    
   1.96341753    
   2.02020335    
   2.05613494    
   2.14847350    
   2.14142776    
   2.05975699    
   1.87657595    
   2.14798117    
   2.15412259    
   2.11406994    
   2.08261633    
   1.98345113    
   1.98416758    
   1.96773970    
   1.88085043    
   1.61998606    
   1.46732330    
   1.29999638    
   1.21483266    
   1.13436818    
   1.06544423    
   1.03557765    
   1.11955428    
   1.05664051    
  0.996033192    
  0.976558030    
  0.903205812    
  0.845830023    
  0.858052671    
  0.865422368    
  0.876304209    
  0.829241514    
  0.811990499    
  0.830707431    
  0.970019400    
  0.952779114    
  0.860042274    
  0.895285249    
  0.931593001    
  0.711015582    
  0.762177229    
   1.09918654    
   1.26262259    
   1.29463267    
   1.29589069    
   1.28566241    
   1.23620737    
   1.21357608    
   1.23189390    
   1.25930870    
   1.31389594    
   1.38038397    
   1.45751262    
   1.55071247    
   1.64687932    
   1.69395721    
   1.92775071    
   2.11770844    
   2.24163389    
   2.13087368    
   2.42991996    
   2.40329337    
   2.29154158    
   2.21434236    
   2.16005063    
   2.09419012    
   2.06677437    
   2.11524582    
   2.13372850    
   2.12281919    
   2.13341260    
   2.14466977    
   2.08481383    
   2.00644183    
   1.91621625    
   1.77762246    
   1.80531752    
   1.87102604    
   1.77613962    
   1.66720593    
   1.63062847    
   1.54864705    
   1.54517090    
   1.61621737    
   1.71132374    
   1.73227477    
   1.76050997    
   1.81642628    
   1.76165473    
   1.73240089    
   1.74110782    
   1.42353272    
   1.05266178    
   1.13369095    
   1.24276078    
   1.35438013    
   1.31506097    
   1.29468048    
   1.27231658    
   1.35603929    
   1.49835002    
   1.54606009    
   1.72318113    
   1.85878587    
   1.90010655    
   1.95187557    
   1.72841990    
   1.84991932    
   1.84954929    
   1.72559273    
   1.57511687    
   1.50909889    
   1.47720242    
   1.60806680    
   1.73053920    
   1.62079096    
   1.47488332    
   1.45916772    
   1.42807567    
   1.19898105    
   1.47388184    
   1.72341037    
   1.80397153    
   1.79102969    
   1.78285265    
   1.82617736    
   1.79437160    
   1.75707257    
   1.72647643    
   1.94585347    
   2.15484476    
   2.11372495    
   2.32585502    
   2.49869275    
   2.34182763    
   2.14936590    
   2.13657880    
   2.18519664    
   2.17862463    
   2.18008113    
   2.17683506    
   2.13063478    
   2.01233363    
   1.58310258    
   1.60458124    
   1.55512023    
   1.33842635    
   1.23441303    
   1.22171426    
   1.31789184    
   1.09506583    
   1.34585822    
   1.46900082    
   1.45490944    
   1.43106389    
  0.939255536    
  0.982046902    
   1.28345907    
   1.28387642    
   1.15577281    
   1.32005692    
   1.40323448    
   1.28101909    
   1.37012959    
   1.46632802    
   1.60367680    
   1.69859052    
   1.66675568    
   1.62347186    
   1.68425965    
   1.52299714    
   1.50966454    
   1.51075232    
   1.47950613    
   1.35377765    
   1.18135643    
   1.22451174    
   1.32953966    
   1.33641577    
   1.08165574    
  0.873583138    
  0.694006622    
  0.546375394    
  0.450599790    
  0.306935579    
  0.532815158    
  0.609834015    
  0.594079673    
  0.598786116    
  0.731446505    
  0.700646520    
  0.625168741    
  0.808176637    
  0.726922810    
  0.694979668    
  0.943655908    
   1.24838936    
   1.46092618    
   1.37926447    
   1.44389057    
   1.32793701    
   1.31513059    
   1.41139984    
   1.34367359    
   1.14280272    
   1.07112741    
   1.29400980    
   1.45481288    
   1.39096057    
   1.33579862    
   1.35204947    
   1.26682568    
   1.27352202    
   1.26495886    
   1.39938128    
   1.44126117    
   1.52296543    
   1.44698572    
   1.39139724    
   1.36379313    
   1.30159736    
   1.19768810    
   1.10085976    
  0.968132317    
  0.887137830    
  0.842047036    
  0.890621722    
  0.730877399    
  0.852866113    
  0.956385076    
   1.34954727    
   1.60261202    
   1.65312958    
   1.62915623    
   1.54557300    
   1.47878003    
   1.44560051    
   1.43241477    
   1.42354023    
   1.34829819    
   1.29489064    
   1.23484886    
   1.24423814    
   1.28211820    
   1.31161523    
   1.41707289    
   1.55118167    
   1.52885783    
   1.50273824    
   1.61603069    
   1.76874709    
   1.74728215    
   1.87116420    
   2.01848960    
   2.09462404    
   2.04632044    
   1.89598727    
   1.83257425    
   1.86031210    
   1.91373694    
   1.93476140    
   1.88080084    
   1.84573710    
   1.75215542    
   1.73836946    
   1.67353618    
   1.62038612    
   1.61462057    
   1.61637664    
   1.56823099    
   1.71177614    
   1.84831059    
   1.92049921    
   1.91036844    
   1.90113401    
   1.80261672    
   1.72524893    
   1.70605731    
   1.67913711    
   1.51565742    
   1.03443682    
  0.750653505    
  0.775849998    
  0.732776105    
  0.709688187    
  0.822589695    
  0.848132372    
  0.705706894    
  0.608553052    
  0.512685180    
  0.468452781    
  0.552484989    
  0.476739377    
  0.695944786    
  0.509096801    
  0.526368797    
  0.655078411    
  0.745323718    
  0.779575825    
  0.708038568    
  0.606806338    
  0.712255061    
  0.679320395    
  0.586163640    
  0.601315856    
  0.623200119    
  0.569795430    
  0.511616349    
  0.486452490    
  0.633329272    
  0.700314045    
  0.568082452    
  0.425994366    
  0.385980964    
  0.292124361    
  0.389515728    
  0.938722372    
   1.45721543    
   1.68828845    
   1.84872890    
   1.94249833    
   2.14001369    
   2.24443555    
   2.36861491    
   2.44921398    
   2.44312119    
   2.33237743    
   2.73605156    
   2.37594700    
   2.41139174    
   2.28279495    
   2.19639897    
   2.15904927    
   2.10646868    
   2.02252388    
   1.79360819    
   1.77542627    
   1.82489789    
   1.87991500    
   1.88736832    
   1.87548101    
   1.91543818    
   2.05308723    
   2.07818651    
   2.19106746    
   2.27550578    
   2.39171362    
   2.13096499    
   2.00757933    
   2.06220841    
   2.06012344    
   1.94191182    
   1.61701035    
   1.33405519    
   1.13614452    
  0.980057359    
  0.904711187    
  0.998667061    
   1.03335905    
  0.983224750    
   1.05427063    
  0.952039003    
  0.963442266    
  0.965473235    
  0.815677345    
  0.956963360    
   1.13025749    
   1.26212215    
   1.45083034    
   1.72793722    
   1.84904838    
   1.52853251    
   1.46510673    
   1.51764095    
   1.52687836    
   1.48847389    
   1.26384127    
  0.982085526    
  0.979924321    
   1.04572272    
   1.08635163    
   1.07689691    
   1.07134831    
   1.02735412    
   1.10339212    
   1.15187788    
   1.18358397    
   1.22611761    
   1.30073225    
   1.29453158    
   1.52545106    
   1.60057974    
   1.68257284    
   1.75306010    
   1.87198889    
   1.51782572    
   1.56396222    
   1.62073207    
   1.63724935    
   1.57504988    
   1.37623215    
   1.36578310    
   1.53549910    
   1.65697801    
   1.65155268    
   1.56802464    
   1.55636311    
   1.58054841    
   1.62278652    
   1.58180046    
   1.64663613    
   1.81680322    
   1.83396673    
   1.62396467    
   1.79964125    
   2.00558901    
   2.14658689    
   2.23239875    
   2.37110782    
   2.19543147    
   2.17296481    
   2.21810031    
   2.22207737    
   2.16282988    
   1.91836011    
   1.96482337    
   2.12056398    
   2.26138330    
   2.31426573    
   2.29254413    
   2.24365592    
   2.05745411    
   2.01649880    
   2.05246615    
   2.05571437    
   1.98392296    
   2.02610135    
   2.11560464    
   2.15835190    
   2.22568536    
   2.15886140    
   2.17819333    
   2.17909551    
   1.97411501    
   1.82195079    
   1.55469382    
   1.46736848    
   1.33537519    
   1.26593757    
   1.12596619    
  0.954821050    
  0.817436814    
  0.714868903    
  0.619275749    
  0.481866002    
  0.416891217    
  0.245606497    
   5.10880537E-02
  0.188405842    
  0.366638213    
  0.520629048    
  0.467724621    
  0.462391794    
  0.624682546    
  0.733925343    
  0.743061066    
  0.848413825    
  0.539965451    
  0.405954391    
  0.387915254    
  0.319086760    
  0.253102064    
  0.227937266    
  0.325146735    
  0.403667003    
  0.460561097    
  0.508652329    
  0.709367573    
  0.670350254    
  0.505840003    
  0.497060001    
  0.652337611    
  0.298247427    
  0.212041661    
  0.276711017    
  0.467195421    
  0.289144576    
   3.77801135E-02
  0.202425838    
  0.513243556    
  0.774219990    
  0.726602435    
  0.781318963    
  0.617173970    
  0.528897047    
  0.609496713    
  0.522666156    
  0.568546832    
  0.728871703    
  0.834766865    
  0.901674211    
  0.916616797    
  0.894268572    
  0.854491591    
  0.772715986    
  0.821998537    
  0.863184929    
   1.15328467    
   1.16126120    
   1.17589843    
   1.18170381    
   1.15220714    
   1.12866986    
   1.28660488    
   1.34224951    
   1.63098788    
   2.05456352    
   1.46587121    
   1.38493085    
   1.37082255    
   1.17787063    
   1.05615711    
  0.983599365    
   1.00227904    
  0.998059630    
  0.952560782    
  0.937353611    
  0.909249008    
  0.934539735    
  0.949899852    
  0.901049495    
  0.817231655    
  0.921750128    
   1.10503769    
   1.16263890    
   1.03751051    
   1.17756057    
   1.35884202    
   1.37410605    
   1.22955012    
   1.50800359    
   1.74741042    
   1.79339874    
   1.44087636    
   1.12887573    
  0.986988842    
  0.994494438    
   1.14243054    
   1.24293804    
   1.35127723    
   1.50248361    
   1.27714396    
   1.13946712    
   1.00991321    
  0.703118205    
  0.613613605    
  0.567927778    
  0.544434547    
  0.538740814    
  0.444448888    
  0.612284303    
  0.735282421    
  0.839927137    
  0.709844768    
  0.844396651    
  0.971217036    
  0.972235739    
  0.936397314    
  0.887350857    
  0.863676488    
  0.927220047    
  0.864534855    
  0.801699579    
  0.792960227    
  0.831070542    
  0.854837894    
  0.826327682    
  0.842030466    
  0.865530729    
  0.823603213    
  0.827255905    
  0.908525705    
  0.974521399    
   1.07365179    
   1.16010416    
   1.15177858    
   1.17836785    
   1.46710241    
   1.69259501    
   1.86896849    
   1.89253020    
   1.80889928    
   1.69233024    
   1.59606266    
   1.50068772    
   1.48823631    
   1.48133624    
   1.34574020    
   1.17483866    
  0.929177999    
  0.768614113    
  0.649582028    
  0.634669125    
  0.659627914    
  0.752687871    
  0.763602793    
  0.758127511    
  0.679427564    
  0.714242160    
  0.680374205    
  0.620399177    
  0.473517269    
  0.405857384    
  0.447928369    
  0.457066745    
  0.478908271    
  0.381171823    
  0.369717330    
  0.391974866    
  0.588861287    
  0.582077086    
  0.462593704    
  0.447918028    
  0.472982138    
  0.456091672    
  0.521057546    
  0.585884392    
  0.583566785    
  0.704266608    
  0.615989268    
  0.581987560    
  0.612166464    
  0.718717098    
  0.859139264    
   1.04872704    
  0.993628085    
   1.20064640    
   1.34445739    
   1.54302192    
   1.55787289    
   1.22769845    
   1.18422818    
   1.06662333    
  0.929092765    
  0.921238184    
  0.960835457    
  0.963320732    
  0.961129785    
   1.04895318    
   1.07065117    
   1.03957093    
   1.01125646    
   1.11380279    
   1.23751533    
   1.42330348    
   1.55933535    
   1.69377744    
   1.73369610    
   1.74592459    
   1.55836749    
   1.58888996    
   1.62168765    
   1.47674024    
   1.18847120    
   1.02413404    
  0.680175900    
  0.781012177    
  0.602865398    
  0.346751243    
  0.124344051    
  0.258279830    
  0.479692072    
  0.631025612    
  0.671582043    
  0.729232728    
  0.734686792    
  0.633478880    
  0.649607837    
  0.638727486    
  0.754693568    
  0.983003318    
   1.23613608    
   1.28445601    
   1.14644635    
   1.35848343    
   1.43214643    
   1.56537652    
   1.56862724    
   1.32605290    
   1.06254017    
  0.984951019    
   1.05965459    
   1.06236434    
   1.00237119    
  0.874459147    
  0.966926813    
  0.891400933    
  0.709822953    
  0.708698750    
  0.684338331    
  0.751496553    
  0.634956896    
  0.498220146    
  0.409049988    
  0.590813756    
   1.02012753    
   1.03782845    
   1.01107609    
   1.22002387    
   1.36149812    
   1.47157717    
   1.45697236    
   1.03356814    
  0.699261725    
  0.810738921    
   1.03728783    
   1.20190096    
   1.20321548    
   1.23569953    
   1.24658644    
   1.17777216    
   1.17038453    
   1.17745042    
   1.16382551    
   1.25398850    
   1.34666789    
   1.42929149    
   1.49540949    
   1.88454795    
   2.24583125    
   2.47231388    
   1.90844846    
   2.00217271    
   2.25575852    
   2.37126350    
   2.17090964    
   1.85533214    
   1.64552009    
   1.39728510    
   1.16456676    
   1.18827939    
  0.922481656    
  0.720648527    
  0.622105539    
  0.718494236    
  0.701742828    
  0.767976820    
  0.940137386    
   1.19762766    
   1.38087296    
   1.28199184    
   1.40112686    
   1.58124959    
   1.64757454    
   1.68744671    
   1.69587541    
   1.92009854    
   1.99042749    
   1.98790538    
   2.05516243    
   2.17576194    
   1.92368948    
   1.55095625    
   1.35926807    
   1.23181593    
   1.16862381    
   1.07378364    
  0.977638841    
  0.980352759    
  0.991055071    
  0.962729216    
  0.996130764    
   1.07992923    
   1.17926443    
   1.24539232    
   1.31567359    
   1.46257758    
   1.72091615    
   1.68923604    
   1.34396005    
   1.13041592    
   1.20338356    
   1.28052342    
   1.18291259    
  0.887248576    
  0.305669188    
  0.475489557    
  0.656157911    
  0.741548777    
  0.860681534    
  0.964279950    
   1.12590218    
   1.18386650    
   1.20218945    
   1.23722935    
   1.24459648    
   1.27037203    
   1.27353740    
   1.25492918    
   1.22103167    
   1.21017992    
   1.26201999    
   1.47798431    
   1.21982265    
   1.32922256    
   1.39827049    
   1.46437800    
   1.44664729    
   1.12169039    
  0.966326773    
   1.03376019    
   1.17847037    
   1.25779891    
   1.25927436    
   1.25442731    
   1.17323852    
   1.15645897    
   1.16455436    
   1.17354858    
   1.20286894    
   1.27607358    
   1.33660781    
   1.29598534    
   1.32336307    
   1.36992013    
   1.51284790    
   1.79507768    
   1.65974498    
   1.68615532    
   1.68956673    
   1.65984094    
   1.31248629    
   1.13563204    
   1.03134871    
   1.14193261    
   1.27672327    
   1.29734790    
   1.27740610    
   1.33673918    
   1.38229525    
   1.38559937    
   1.44511414    
   1.55453789    
   1.56938648    
   1.58629668    
   1.57397819    
   1.64763701    
   1.70584643    
   1.73822045    
   1.83250439    
   2.07743168    
   1.93533742    
   2.11631846    
   2.17426777    
   2.24876165    
   2.02873802    
   1.76257825    
   1.42499447    
   1.22325945    
   1.25902724    
   1.27917337    
   1.20547998    
   1.20331073    
   1.25667250    
   1.19510853    
   1.14259005    
   1.21898603    
   1.23983383    
   1.39999247    
   1.60909557    
   1.78263915    
   1.76734149    
   1.77908576    
   1.87381637    
   2.01772189    
   2.16714811    
   2.25391865    
   2.25320935    
   2.24096274    
   2.20420718    
   1.95272338    
   1.73693860    
   1.65922558    
   1.62588191    
   1.50980377    
   1.36024320    
   1.30579650    
   1.35698223    
   1.47016060    
   1.56355429    
   1.63763034    
   1.71426654    
   1.81243575    
   1.91986561    
   2.17006111    
   2.33173251    
   2.80972362    
   3.11833596    
   3.13816524    
   2.67505312    
   2.88567209    
   2.39636254    
   2.50141311    
   2.72321534    
   2.28432250    
   2.04813886    
   1.94011819    
   1.89988947    
   1.83009064    
   1.79041767    
   1.79111254    
   1.74880183    
   1.78325856    
   1.77528441    
   1.83602118    
   1.90834212    
   1.94950569    
   1.98534024    
   1.86607003    
   2.02067447    
   2.10901976    
   2.11205316    
   2.03353405    
   1.81641865    
   1.84967089    
   1.84737420    
   1.81089246    
   1.70663047    
   1.36885083    
   1.13825059    
  0.932808101    
  0.850498557    
  0.733096361    
  0.726796925    
  0.772492230    
  0.682745457    
  0.776617646    
  0.865586817    
  0.888968050    
  0.941481888    
  0.981432140    
   1.08666956    
   1.05012405    
   1.07595992    
   1.24636495    
   1.44972634    
   1.63801861    
   1.75044429    
   1.72941113    
   1.72900367    
   1.75744665    
   1.60163307    
   1.52098227    
   1.60998321    
   1.75334990    
   1.94891024    
   2.08844209    
   2.55029821    
   2.82171440    
   2.49926639    
   2.48203659    
   2.38603663    
   2.22014904    
   2.22405934    
   2.27254510    
   2.58368111    
   2.84267235    
   2.70880771    
   2.49785852    
   2.59320712    
   2.95414424    
   2.49750853    
   2.63311839    
   2.66114783    
   2.64392781    
   2.43465376    
   2.12845755    
   1.97918010    
   1.86560500    
   1.83023798    
   1.81200361    
   1.75130415    
   1.68080163    
   1.70764816    
   1.70280027    
   1.63777840    
   1.53738010    
   1.49511588    
   1.54239392    
   1.50746024    
   1.68558860    
   1.76611567    
   1.91768193    
   2.14913535    
   2.12874556    
   1.72853303    
   1.84134340    
   1.85506475    
   1.79013419    
   1.88293231    
   1.64877236    
   1.35215855    
   1.17752886    
   1.05901039    
  0.975059330    
  0.972560644    
   1.05721128    
   1.06893063    
   1.05732095    
   1.03340089    
  0.943478703    
  0.900998116    
  0.989314079    
  0.977547348    
  0.946082473    
  0.885497153    
  0.948628485    
   1.12251484    
   1.21368670    
   1.20177233    
   1.17813075    
   1.24366891    
   1.32826829    
   1.33332753    
   1.24029100    
   1.21288610    
   1.38358045    
   1.38405442    
   1.25412941    
   1.22390640    
   1.29759443    
   1.43300581    
   1.42235672    
   1.48197126    
   1.55755544    
   1.58669078    
   1.60547972    
   1.71526754    
   1.88300300    
   1.97270977    
   2.08899307    
   2.15037179    
   2.15252423    
   2.11059284    
   2.05434108    
   2.02171564    
   1.98328793    
   2.01555991    
   1.88246548    
   1.52101719    
   1.44700360    
   1.46203041    
   1.57639790    
   1.61624408    
   1.62381828    
   1.69577289    
   1.77608645    
   1.87644494    
   2.01778054    
   2.06668162    
   2.10702443    
   2.04644012    
   1.83426142    
   1.93856430    
   2.48717928    
   2.52920938    
   2.41164517    
   2.32783866    
   2.11096668    
   2.02485275    
   2.06107950    
   1.86773133    
   1.80773771    
   1.91263723    
   1.78400230    
   1.67501378    
   1.66378355    
   1.69497204    
   1.70779932    
   1.54558766    
   1.47802484    
   1.42119670    
   1.34967732    
   1.37006104    
   1.39634299    
   1.40904140    
   1.57026589    
   1.58808768    
   1.96788037    
   2.09433651    
   2.11503673    
   1.58096111    
   1.68288589    
   1.79547584    
   1.90864992    
   1.88861072    
   1.89610434    
   1.86948395    
   1.63802493    
   1.40382910    
   1.28582919    
   1.16234064    
  0.930521488    
   1.01672494    
   1.02468753    
   1.19479346    
   1.40689135    
   1.48773205    
   1.45512474    
   1.36886561    
   1.50284064    
   1.42786968    
   1.34475601    
   1.71095145    
   2.06404805    
   1.75769758    
   1.79274821    
   1.80311263    
   1.68884361    
   1.67145002    
   1.36593866    
   1.48409450    
   1.30152977    
  0.848982096    
  0.779512823    
  0.864118040    
  0.859159589    
  0.841986001    
  0.862059355    
  0.802720129    
  0.837348998    
  0.983881474    
   1.13533020    
   1.23209226    
   1.21877146    
   1.14234769    
   1.19197404    
   1.39837813    
   1.32427490    
  0.979021668    
  0.762996793    
  0.649657309    
  0.621864915    
  0.654527247    
  0.640417576    
  0.518418312    
  0.569871128    
  0.688914478    
  0.740510643    
  0.750182331    
  0.768049538    
  0.704912484    
  0.681326985    
  0.662413359    
  0.600895464    
  0.566048801    
  0.725293577    
  0.616304398    
  0.640420973    
  0.735496581    
  0.755375147    
  0.717485070    
  0.723923683    
  0.572921634    
  0.681198359    
  0.770305634    
  0.764194906    
  0.716489971    
  0.671773672    
  0.437090755    
  0.622382879    
  0.758378804    
  0.792165935    
  0.731908858    
   1.36496007    
   1.85296404    
   1.86131728    
   1.66399276    
   1.50619936    
   1.48367524    
   1.46467566    
   1.75292397    
   1.82577884    
   1.84862506    
   1.86537516    
   1.85601521    
   1.85864687    
   1.70076406    
   1.67663896    
   1.68306458    
   1.70129859    
   1.73319924    
   1.74268830    
   1.56643999    
   1.36876285    
   1.30488169    
   1.34553897    
   1.29506266    
   1.14082074    
   1.08954322    
  0.988399386    
  0.935973227    
  0.919589281    
  0.995020032    
   1.11130667    
   1.35607266    
   1.44915080    
   1.45503867    
   1.75895214    
   1.90375745    
   1.89063609    
   1.55166471    
   1.57609308    
   1.64787602    
   1.78987253    
   1.87201321    
   1.69857502    
   1.36644626    
  0.984112382    
  0.830604136    
  0.931689739    
   1.05275726    
   1.16710222    
   1.14014554    
   1.12746799    
   1.02277756    
  0.929840207    
  0.931518853    
   1.09521306    
   1.24233615    
   1.55170000    
   1.78049159    
   1.99003518    
   2.25997329    
   2.27159595    
   1.98801196    
   2.04054332    
   1.94961262    
   1.75992036    
   1.65943384    
   1.52916133    
   1.38488388    
   1.23674977    
   1.02483344    
  0.791443527    
  0.661459029    
  0.661516190    
  0.728556573    
  0.705181956    
  0.658341110    
  0.722870111    
  0.758923709    
  0.732054353    
  0.746681154    
  0.630474567    
  0.595286727    
  0.615652323    
  0.643656075    
  0.704103768    
  0.496638924    
  0.603990197    
  0.803452253    
  0.975476563    
   1.06066263    
   1.07818389    
  0.642207026    
  0.502011657    
  0.475741386    
  0.451993942    
  0.535315394    
  0.509476483    
  0.393905699    
  0.287183464    
  0.425743252    
  0.526697934    
  0.581917346    
  0.701129973    
  0.548064530    
  0.429287791    
  0.285799861    
  0.355627924    
  0.513381779    
  0.651200652    
  0.645342350    
  0.769359589    
  0.940360188    
   1.10147953    
   1.12118292    
   1.19220626    
  0.641201258    
  0.613980412    
   1.11423028    
   1.26780140    
   1.22516227    
   1.14798868    
   1.32398129    
   1.54876411    
   1.78456378    
   1.85683715    
   1.79659379    
   1.67848420    
   1.54525208    
   1.56727540    
   1.38441360    
   1.35264909    
   1.41517174    
   1.46209431    
   1.71155715    
   1.78736436    
   1.88979375    
   1.96260428    
   2.12788653    
   1.94702232    
   1.77811432    
   1.55708015    
   1.40223122    
   1.32232940    
   1.15439475    
   1.12204051    
  0.875257850    
  0.842123032    
  0.709353209    
  0.731780469    
  0.734845281    
  0.844523191    
  0.756431520    
  0.631118417    
  0.581033051    
  0.739244938    
  0.939498127    
   1.41358745    
   1.62492752    
   1.81391680    
   1.96222568    
   1.78136384    
   2.03590488    
   1.90215790    
   1.76418269    
   1.54446590    
   1.35950196    
   1.15814674    
   1.15152383    
   1.28105652    
   1.39848840    
   1.39459968    
   1.32705498    
   1.32563639    
   1.30640471    
   1.26727486    
   1.66329563    
   1.49646533    
   1.44251359    
   1.55264568    
   1.66718566    
   1.75886583    
   1.60569155    
   1.67113888    
   1.72379518    
   1.71582973    
   1.63085341    
   1.50498438    
   1.15120590    
   1.04956758    
   1.08246088    
  0.940710485    
  0.934243858    
  0.903677940    
  0.955041289    
  0.903438985    
  0.928850532    
  0.898883939    
  0.777970254    
  0.773891270    
  0.698105454    
  0.523316443    
  0.253376842    
  0.540682852    
  0.867489338    
  0.832905531    
  0.661937952    
  0.552935123    
  0.668042660    
  0.845884204    
  0.943912029    
  0.678218842    
  0.425645679    
  0.570939958    
  0.660994649    
  0.653398931    
  0.707620561    
  0.798238158    
  0.844344914    
  0.677177489    
  0.607309699    
  0.902843356    
   1.14307559    
   1.27286744    
   1.26241159    
   1.22856796    
   1.24563634    
   1.30501044    
   1.52391434    
   1.45888150    
   1.35307813    
   1.42476928    
   1.45335901    
   1.01873291    
  0.586103857    
  0.190279871    
  0.344121844    
  0.403616607    
  0.420911103    
  0.418159902    
  0.449645430    
  0.133253127    
  0.238809884    
  0.462413400    
  0.586293399    
  0.712224782    
  0.843067765    
  0.830348730    
  0.813885272    
  0.835543275    
  0.848451972    
  0.879686952    
  0.845617414    
  0.825902820    
  0.699153781    
  0.949893713    
   1.11316514    
   1.28723705    
   1.23725712    
   1.23305333    
   1.20073330    
   1.09089708    
   1.04357696    
   1.03973651    
   1.05729926    
  0.985338032    
  0.880145431    
  0.928662181    
  0.971735895    
  0.892129481    
  0.946832359    
  0.999371052    
  0.975043058    
  0.957451701    
  0.922930896    
  0.927405298    
   1.06787467    
   1.03217912    
  0.821620703    
  0.882831275    
  0.986777842    
   1.06506145    
  0.986446798    
  0.721748888    
  0.723001122    
  0.651496708    
  0.700080812    
  0.726170778    
  0.786244929    
  0.839870453    
  0.986561239    
  0.843796790    
  0.770503044    
  0.853779733    
  0.916888714    
  0.976286769    
   1.12974429    
   1.30138290    
   1.27568460    
   1.27952719    
   1.41980684    
   1.53496671    
   1.51958168    
   1.83105588    
   1.99747157    
   2.00849795    
   1.97342896    
   1.88061094    
   1.56543601    
   1.17269802    
  0.880272448    
  0.817159534    
  0.882649362    
  0.893944919    
  0.988577664    
   1.02606988    
   1.02334297    
   1.02794850    
   1.02996337    
   1.03591263    
  0.924031496    
  0.913031518    
  0.930949271    
   1.02751350    
   1.25068402    
   1.33590281    
  0.979899049    
  0.962319314    
  0.930291414    
  0.959263206    
   1.01880550    
  0.944648206    
  0.684409976    
  0.600659966    
  0.654656053    
  0.690539539    
  0.701805413    
  0.765388370    
  0.686804593    
  0.688398004    
  0.736114144    
  0.727323711    
  0.659894228    
  0.889679730    
   1.00904715    
  0.929097056    
  0.868401289    
  0.799243331    
  0.937408328    
   1.21692228    
   1.24268746    
   1.30152249    
   1.38236916    
   1.42712247    
   1.50615370    
   1.32892334    
  0.996851921    
  0.671284020    
  0.656288087    
  0.786569297    
  0.770216107    
  0.836986661    
  0.938938975    
   1.04874349    
   1.04226553    
  0.953152716    
  0.979306579    
   1.04520118    
   1.04226565    
   1.07865191    
   1.27997398    
   1.44900775    
   1.43221152    
   1.43367302    
   1.33680403    
   1.24874425    
   1.30328989    
   1.61733973    
   1.51112008    
   1.24109292    
   1.24477625    
   1.25580478    
   1.07497919    
   1.03078318    
   1.03235173    
   1.02416301    
  0.894709051    
  0.888798892    
  0.889259875    
  0.794418275    
  0.775195003    
  0.880413055    
  0.893752933    
  0.915302396    
  0.962922573    
   1.19719243    
   1.35565054    
   1.36979795    
   1.18856895    
   1.14541912    
   1.21315753    
   1.24500632    
   1.22730589    
   1.11102164    
  0.774586737    
  0.559699535    
  0.819295585    
  0.845699489    
  0.632341802    
  0.562860429    
  0.499697685    
  0.616493046    
  0.706031144    
  0.756385148    
  0.796864331    
  0.814477682    
  0.610193074    
  0.550933182    
  0.514273703    
  0.571727455    
  0.697647691    
  0.734479845    
  0.618946195    
  0.455347121    
  0.515145838    
  0.610248864    
  0.599893391    
  0.535052240    
  0.419123918    
  0.500497282    
  0.479363948    
  0.513906419    
  0.637883484    
  0.749571204    
  0.663477480    
  0.521032631    
  0.448830992    
  0.463407874    
  0.514577031    
  0.537168086    
  0.403868884    
  0.327549517    
  0.363372326    
  0.415552169    
  0.453783929    
  0.535108030    
  0.592029393    
  0.666787624    
  0.742052972    
  0.830199063    
  0.882201195    
  0.752249300    
  0.584807277    
  0.638091207    
  0.760424197    
  0.837627530    
  0.877678871    
  0.937753737    
  0.851396561    
  0.833015501    
  0.809174120    
  0.752810597    
  0.792459905    
  0.859956682    
  0.701212883    
  0.634554207    
  0.825230956    
  0.997179747    
   1.16371524    
   1.32673907    
   1.37755966    
   1.41467786    
   1.40073729    
   1.37790334    
   1.36964715    
   1.26943016    
  0.987456620    
  0.675789952    
  0.656846941    
  0.697853327    
  0.787848175    
  0.693380475    
  0.654343665    
  0.585500121    
  0.546198368    
  0.551215172    
  0.522296548    
  0.511769056    
  0.274293870    
  0.100236587    
   8.46907049E-02
  0.329852730    
  0.581335723    
  0.632463872    
  0.588916659    
  0.420026064    
  0.323030353    
  0.292721361    
  0.336531699    
  0.203887925    
  0.137176543    
  0.336852342    
  0.511087358    
  0.783407211    
  0.981449008    
  0.947710574    
  0.641247392    
  0.572268963    
  0.552520335    
  0.529048979    
  0.518342972    
  0.698793173    
  0.814529002    
  0.921207011    
  0.957589746    
  0.998306036    
   1.06399739    
   1.05723274    
  0.890467644    
  0.774281800    
  0.693923533    
  0.601142287    
  0.587751806    
  0.662654877    
  0.562864244    
  0.606903911    
  0.720247686    
  0.898759782    
   1.00228620    
   1.01399910    
   1.00569987    
  0.921927392    
  0.835598648    
  0.769732058    
  0.763961732    
  0.855522394    
  0.877824187    
  0.966883242    
  0.938904703    
  0.812340975    
  0.783307731    
  0.904198229    
   1.17636073    
   1.11592579    
   1.06585908    
   1.00811779    
  0.877809107    
  0.744295776    
  0.532246411    
  0.509712636    
  0.486154526    
  0.513859391    
  0.639748871    
  0.609437466    
  0.548488319    
  0.467025608    
  0.467517138    
  0.398075789    
  0.439903945    
  0.573328733    
  0.718646109    
  0.760904849    
  0.782866240    
  0.737167060    
  0.805346370    
  0.989121020    
   1.09551322    
   1.33009815    
   1.58028340    
   1.60243964    
   1.50906706    
   1.35159099    
   1.62531948    
   1.18507373    
   1.19934475    
   1.50586450    
   1.62566400    
   1.44021070    
   1.31846285    
   1.28709829    
   1.32547963    
   1.43131948    
   1.53139377    
   1.52837002    
   1.95933032    
   2.25463462    
   2.25146675    
   2.17945766    
   2.27788448    
   2.30254030    
   2.07655573    
   2.30555582    
   2.11117601    
   2.22143006    
   2.18578291    
   1.92599201    
   1.70942330    
   1.56646061    
   1.44457650    
   1.39843869    
   1.31905091    
   1.30235326    
   1.36557853    
   1.35285676    
   1.30891502    
   1.22189844    
   1.22430456    
   1.23199582    
   1.21169221    
   1.16416180    
   1.08642101    
   1.14435196    
   1.31319988    
   1.40945649    
   1.15792382    
   1.34107471    
   1.48876560    
   1.55045104    
   1.48175359    
   1.46556270    
   1.17190385    
   1.00901926    
  0.826205194    
  0.811584473    
  0.812535107    
  0.794259131    
  0.764306366    
  0.761777878    
  0.798475862    
  0.833699346    
  0.904669583    
   1.00890374    
  0.933091223    
  0.921352386    
   1.02128291    
   1.18687880    
   1.19382262    
   1.13261545    
   1.38663423    
   1.41945505    
   1.20211983    
   1.26735902    
   1.37532055    
   1.36905611    
  0.904617190    
  0.794325590    
  0.806910276    
  0.823999524    
  0.808442831    
  0.802331388    
  0.946253479    
  0.953787923    
  0.913939118    
  0.825983286    
  0.856121838    
  0.946588755    
  0.968028009    
  0.970879793    
   1.12098086    
   1.43964660    
   1.55793011    
   1.71853995    
   1.40143991    
   1.46473205    
   1.62695897    
   1.63976288    
   1.36327004    
   1.12970805    
  0.860632479    
  0.544471383    
  0.591297626    
  0.548958540    
  0.604325652    
  0.709866047    
  0.829314291    
  0.902105808    
  0.989807665    
   1.12678134    
   1.26500666    
   1.41210139    
   1.54374170    
   1.67614114    
   1.69977975    
   1.77158463    
   1.89398324    
   2.17779875    
   2.50740886    
   2.68497634    
   2.84959269    
   2.46797657    
   2.20444298    
   1.99906933    
   1.83305490    
   1.71296358    
   1.72675586    
   1.73467088    
   1.63059950    
   1.52482104    
   1.33471501    
   1.33782411    
   1.21072340    
   1.29500127    
   1.28685856    
   1.20373607    
   1.21328211    
   1.45300090    
   1.39779353    
   1.14409065    
   1.14704740    
   1.18091619    
   1.02326548    
   1.05026734    
   1.07273793    
   1.10495782    
   1.07024634    
  0.977272987    
  0.816006184    
  0.625106096    
  0.569985986    
  0.678177357    
  0.654280663    
  0.613460600    
  0.635657907    
  0.259421080    
  0.111680686    
  0.241913542    
  0.144627184    
  0.133235157    
  0.300199538    
  0.392944962    
  0.443367809    
  0.572447062    
  0.570992351    
  0.601008832    
  0.609297097    
  0.539952457    
  0.573358238    
  0.614586890    
  0.584381044    
  0.703850985    
  0.750849724    
  0.450711191    
  0.512442172    
  0.643474162    
  0.654668987    
  0.722471833    
  0.480603904    
  0.673677742    
  0.621752441    
  0.916647017    
   1.16294086    
   1.20514047    
   1.17890203    
   1.18384039    
   1.28771460    
   1.62025154    
   1.65091896    
   1.64917541    
   1.64330852    
   1.76271522    
   1.76113868    
   1.83135176    
   1.88013887    
   1.72003031    
   1.46199679    
   1.29165614    
   1.23473108    
   1.21558750    
   1.23612118    
   1.24234021    
   1.32374346    
   1.23094130    
   1.22647536    
   1.26474690    
   1.29470897    
   1.35462141    
   1.39792085    
   1.46991551    
   1.52115107    
   1.69299483    
   1.64248967    
   1.53844881    
   1.30470061    
   1.33755851    
   1.31778347    
   1.32166016    
   1.35681772    
   1.26750207    
   1.00559115    
  0.828104317    
  0.782688379    
  0.875076354    
  0.890442669    
  0.860902488    
  0.738216817    
  0.710534811    
  0.627709091    
  0.707802534    
  0.530034840    
  0.728338242    
  0.729861379    
  0.768884480    
  0.961992264    
   1.16727376    
   1.27768433    
   1.36731315    
   1.19942105    
   1.28724921    
   1.36845672    
   1.41636550    
   1.46259832    
   1.35917008    
   1.08421957    
  0.894535065    
  0.877080858    
  0.867015243    
  0.775631368    
  0.707962692    
  0.660418570    
  0.674047768    
  0.665994287    
  0.642974734    
  0.701087952    
  0.849482775    
  0.773252368    
  0.790912449    
  0.840437114    
  0.959794462    
   1.24943280    
   1.21235442    
  0.796331465    
  0.678223014    
  0.685383379    
  0.787683547    
  0.889554501    
  0.927228630    
  0.659785390    
  0.558967650    
  0.640041411    
  0.682980180    
  0.678896964    
  0.725673556    
  0.670993209    
  0.680440068    
  0.658582926    
  0.684269011    
  0.471697867    
  0.532382250    
  0.340754628    
  0.299701959    
  0.402414650    
  0.594851971    
  0.652817965    
  0.645107329    
  0.556079686    
  0.618035853    
  0.716618299    
  0.799373865    
  0.808202922    
  0.732952535    
  0.583313882    
  0.674399734    
  0.746018767    
  0.776868284    
  0.760442078    
  0.730571151    
  0.696474910    
  0.700985968    
  0.693450987    
  0.724285901    
  0.797781229    
  0.957593322    
  0.854851782    
  0.828429341    
  0.839701533    
  0.884086668    
   1.05088627    
   1.12996542    
   1.13216674    
   1.20578694    
   1.28266764    
   1.34393609    
   1.37144613    
   1.12747180    
  0.987775803    
  0.901190996    
  0.845681369    
  0.820298612    
  0.791606188    
  0.738583028    
  0.617511511    
  0.641687453    
  0.676799357    
  0.726905048    
  0.904270291    
   1.09174788    
   1.24862564    
   1.30752409    
   1.41659534    
   1.49074352    
   1.47184730    
   1.44394958    
   1.35449004    
   1.36667836    
   1.39551139    
   1.42810118    
   1.40118659    
   1.35824084    
   1.22873592    
   1.13261688    
   1.14489532    
   1.11051369    
  0.993483186    
  0.892661095    
  0.927399993    
  0.744476438    
  0.589861929    
  0.583895326    
  0.748004496    
  0.868372738    
  0.870222092    
  0.800977826    
  0.871936619    
  0.983280301    
  0.962076306    
  0.864632785    
  0.693487763    
  0.614550710    
  0.576907516    
  0.647127151    
  0.658065259    
  0.521098554    
  0.440399081    
  0.452640176    
  0.653543949    
  0.702760458    
  0.705191135    
  0.703165472    
  0.757492661    
  0.755243003    
  0.726962209    
  0.683077633    
  0.516201437    
  0.591074467    
  0.505870342    
  0.591840863    
  0.911116183    
   1.12023449    
   1.23214853    
   1.32010770    
   1.42467177    
   1.57031965    
   1.63921297    
